>groupList:
A C D E F G H I K L
N P Q R S T V Y Z 
>stdDevSynthesisRate:
1.238 
>numParam:
40
>numMixtures:
1
>std_stdDevSynthesisRate:
0.1
>std_phi:
***
0.1 0.1 0.1 0.1 0.1 0.1 0.1 0.1 0.1 0.1
0.1 0.1 0.1 0.1 0.1 0.1 0.1 0.1 0.1 0.1
0.1 0.1 0.1 0.1 0.1 0.1 0.1 0.1 0.1 0.1
0.1 0.1 0.1 0.1 0.1 0.1 0.1 0.1 0.1 0.1
0.1 0.1 0.1 0.1 0.1 0.1 0.1 0.1 0.1 0.1
0.1 0.1 0.1 0.1 0.1 0.1 0.1 0.1 0.1 0.1
0.1 0.1 0.1 0.1 0.1 0.1 0.1 0.1 0.1 0.1
0.1 0.1 0.1 0.1 0.1 0.1 0.1 0.1 0.1 0.1
0.1 0.1 0.1 0.1 0.1 0.1 0.1 0.1 0.1 0.1
0.1 0.1 0.1 0.1 0.1 0.1 0.1 0.1 0.1 0.1
0.1 0.1 0.1 0.1 0.1 0.1 0.1 0.1 0.1 0.1
0.1 0.1 0.1 0.1 0.1 0.1 0.1 0.1 0.1 0.1
0.1 0.1 0.1 0.1 0.1 0.1 0.1 0.1 0.1 0.1
0.1 0.1 0.1 0.1 0.1 0.1 0.1 0.1 0.1 0.1
0.1 0.1 0.1 0.1 0.1 0.1 0.1 0.1 0.1 0.1
0.1 0.1 0.1 0.1 0.1 0.1 0.1 0.1 0.1 0.1
0.1 0.1 0.1 0.1 0.1 0.1 0.1 0.1 0.1 0.1
0.1 0.1 0.1 0.1 0.1 0.1 0.1 0.1 0.1 0.1
0.1 0.1 0.1 0.1 0.1 0.1 0.1 0.1 0.1 0.1
0.1 0.1 0.1 0.1 0.1 0.1 0.1 0.1 0.1 0.1
0.1 0.1 0.1 0.1 0.1 0.1 0.1 0.1 0.1 0.1
0.1 0.1 0.1 0.1 0.1 0.1 0.1 0.1 0.1 0.1
0.1 0.1 0.1 0.1 0.1 0.1 0.1 0.1 0.1 0.1
0.1 0.1 0.1 0.1 0.1 0.1 0.1 0.1 0.1 0.1
0.1 0.1 0.1 0.1 0.1 0.1 0.1 0.1 0.1 
>categories:
0 0
>mixtureAssignment:
0 0 0 0 0 0 0 0 0 0 0 0 0 0 0 0 0 0 0 0 0 0 0 0 0 0 0 0 0 0 0 0 0 0 0 0 0 0 0 0 0 0 0 0 0 0 0 0 0 0
0 0 0 0 0 0 0 0 0 0 0 0 0 0 0 0 0 0 0 0 0 0 0 0 0 0 0 0 0 0 0 0 0 0 0 0 0 0 0 0 0 0 0 0 0 0 0 0 0 0
0 0 0 0 0 0 0 0 0 0 0 0 0 0 0 0 0 0 0 0 0 0 0 0 0 0 0 0 0 0 0 0 0 0 0 0 0 0 0 0 0 0 0 0 0 0 0 0 0 0
0 0 0 0 0 0 0 0 0 0 0 0 0 0 0 0 0 0 0 0 0 0 0 0 0 0 0 0 0 0 0 0 0 0 0 0 0 0 0 0 0 0 0 0 0 0 0 0 0 0
0 0 0 0 0 0 0 0 0 0 0 0 0 0 0 0 0 0 0 0 0 0 0 0 0 0 0 0 0 0 0 0 0 0 0 0 0 0 0 0 0 0 0 0 0 0 0 0 0 
>numMutationCategories:
1
>numSelectionCategories:
1
>categoryProbabilities:
1 
>selectionIsInMixture:
***
0 
>mutationIsInMixture:
***
0 
>obsPhiSets:
0
>currentSynthesisRateLevel:
***
0.0805135 0.341635 1.0114 6.15615 1.26439 1.28245 2.10567 1.69335 0.672078 8.18589
0.370679 0.39264 11.4288 3.50483 0.365003 0.835319 1.3737 0.249247 2.49388 1.08733
0.334961 0.291145 1.0271 2.68203 0.906959 1.0889 0.842863 4.1835 0.431698 7.46856
4.23674 1.77939 1.17453 1.31999 0.0949556 0.834349 0.342248 0.683706 0.670435 0.573425
9.90534 1.7294 2.31629 0.609938 0.130302 0.657128 0.82923 0.448078 10.8716 1.25285
1.05147 2.8494 0.256733 2.86137 0.207086 1.94776 0.828065 0.298307 2.20942 1.45742
0.422456 0.968473 0.178297 0.80248 0.294169 0.479653 1.88306 0.381561 1.24266 0.151314
1.41732 0.206077 2.76024 6.10848 0.183407 0.216671 0.805071 0.662577 0.885413 0.445575
0.261789 0.476443 0.751198 1.09233 0.571007 0.378622 0.274645 1.34094 0.603671 15.7845
0.670055 0.923493 0.699497 1.90956 9.87322 1.00934 0.677008 0.711406 1.03785 0.116749
1.82103 0.275192 1.0079 0.433506 0.837823 0.384478 0.510831 0.166427 0.510021 8.07389
2.70924 0.850383 1.39086 1.7212 1.34644 0.615464 0.753446 0.735353 0.157646 0.412968
1.08595 0.308868 0.323945 0.136692 1.00427 1.35945 0.858758 14.6265 2.52825 0.970313
0.214367 0.619466 3.70938 4.14016 7.80405 1.43314 0.7496 0.219281 3.16598 1.24504
0.267433 0.56359 0.413245 2.89411 0.72307 0.43936 0.546666 0.506642 4.70221 0.210158
0.210515 3.38736 0.199078 9.61126 0.267644 0.652749 3.45777 0.426409 0.215552 1.01418
8.84163 1.83802 1.04381 0.315534 6.0196 2.62083 7.80863 0.206861 0.191846 6.80728
1.39554 0.875464 2.06774 8.11798 0.28204 2.10329 0.778072 1.55511 0.143891 1.04055
2.16857 0.283072 9.26464 3.57837 0.502904 1.5493 0.288678 7.76369 0.281425 0.187865
2.39736 0.35707 2.21623 0.273706 0.258562 0.274494 0.909154 4.66688 0.158047 0.672909
1.60097 0.307184 0.257064 2.86504 2.80539 1.92194 0.293543 3.42497 1.99016 0.67351
1.10637 0.190218 11.1411 0.645954 10.0236 1.72996 0.30695 0.248411 1.6564 1.37686
7.41634 0.267 1.11906 7.34643 0.828748 0.316504 2.43662 0.154159 1.26963 3.78043
0.361277 3.18109 1.9005 0.143359 8.5473 4.82965 1.48172 3.17283 0.338177 1.70683
0.434425 4.8204 11.1404 1.59624 2.02408 1.87883 0.235313 1.89961 0.552099 
>noiseOffset:
>observedSynthesisNoise:
>std_NoiseOffset:
>mutation_prior_mean:
***
0 0 0 0 0 0 0 0 0 0
0 0 0 0 0 0 0 0 0 0
0 0 0 0 0 0 0 0 0 0
0 0 0 0 0 0 0 0 0 0
>mutation_prior_sd:
***
0.35 0.35 0.35 0.35 0.35 0.35 0.35 0.35 0.35 0.35
0.35 0.35 0.35 0.35 0.35 0.35 0.35 0.35 0.35 0.35
0.35 0.35 0.35 0.35 0.35 0.35 0.35 0.35 0.35 0.35
0.35 0.35 0.35 0.35 0.35 0.35 0.35 0.35 0.35 0.35
>std_csp:
4154.39 4154.39 4154.39 3.89603e+38 3.89603e+38 3.89603e+38 3.89603e+38 1.13064e+17 1.13064e+17 1.13064e+17
3.89603e+38 2.52874e+37 2.52874e+37 3.89603e+38 0.38042 0.38042 0.38042 0.38042 0.38042 3.89603e+38
70786.4 70786.4 70786.4 3.89603e+38 2.13498e-06 2.13498e-06 2.13498e-06 2.13498e-06 2.13498e-06 5.45254e+16
5.45254e+16 5.45254e+16 1.42224e+15 1.42224e+15 1.42224e+15 2.09037e+18 2.09037e+18 2.09037e+18 3.89603e+38 3.89603e+38
>currentMutationParameter:
***
-0.207407 0.441056 0.645644 0.250758 0.722535 -0.661767 0.605098 0.0345033 0.408419 0.715699
0.738052 0.0243036 0.666805 -0.570756 0.450956 1.05956 0.549069 0.409834 -0.196043 0.614633
-0.0635834 0.497277 0.582122 -0.511362 -1.19632 -0.771466 -0.160406 0.476347 0.403494 -0.0784245
0.522261 0.646223 -0.176795 0.540641 0.501026 0.132361 0.717795 0.387088 0.504953 0.368376
>currentSelectionParameter:
***
0.461727 0.106837 2.64576 -0.0796612 -0.0995814 -0.197001 -0.565162 1.06342 0.216818 0.682749
-0.284429 0.924919 0.0234779 0.292387 0.235346 1.49507 0.596587 0.39701 0.400932 -0.556726
-0.259303 0.31355 0.336267 -0.674818 -0.184921 0.161451 4.06062 0.177471 0.608211 0.731494
-0.0222817 0.754455 0.630166 -0.034621 0.680752 0.587723 -0.182319 0.18417 -0.186496 1.00888
>covarianceMatrix:
A
7.44573e-45	0	0	0	0	0	
0	7.44573e-45	0	0	0	0	
0	0	7.44573e-45	0	0	0	
0	0	0	0.0278844	0.00661207	0.0155129	
0	0	0	0.00661207	0.0156086	-0.0362484	
0	0	0	0.0155129	-0.0362484	0.587806	
***
>covarianceMatrix:
C
1.15928e-74	0	
0	0.0211644	
***
>covarianceMatrix:
D
1.15928e-74	0	
0	0.0553417	
***
>covarianceMatrix:
E
1.15928e-74	0	
0	0.0535329	
***
>covarianceMatrix:
F
1.15928e-74	0	
0	0.0430722	
***
>covarianceMatrix:
G
1.44152e-75	0	0	0	0	0	
0	1.44152e-75	0	0	0	0	
0	0	1.44152e-75	0	0	0	
0	0	0	0.330097	0.0405443	-0.0726489	
0	0	0	0.0405443	0.0710029	0.00274122	
0	0	0	-0.0726489	0.00274122	0.129869	
***
>covarianceMatrix:
H
1.15928e-74	0	
0	0.0560614	
***
>covarianceMatrix:
I
7.52434e-76	0	0	0	
0	7.52434e-76	0	0	
0	0	0.0717952	0.00308921	
0	0	0.00308921	0.00426411	
***
>covarianceMatrix:
K
1.15928e-74	0	
0	0.0080468	
***
>covarianceMatrix:
L
3.78619e-29	0	0	0	0	0	0	0	0	0	
0	3.78619e-29	0	0	0	0	0	0	0	0	
0	0	3.78619e-29	0	0	0	0	0	0	0	
0	0	0	3.78619e-29	0	0	0	0	0	0	
0	0	0	0	3.78619e-29	0	0	0	0	0	
0	0	0	0	0	0.00824106	0.00686557	0.00184282	-0.00285923	0.000929815	
0	0	0	0	0	0.00686557	0.179692	-0.00355434	0.00848796	0.000241833	
0	0	0	0	0	0.00184282	-0.00355434	0.0549391	0.00218562	0.00060803	
0	0	0	0	0	-0.00285923	0.00848796	0.00218562	0.0291794	0.0011516	
0	0	0	0	0	0.000929815	0.000241833	0.00060803	0.0011516	0.00734085	
***
>covarianceMatrix:
N
1.15928e-74	0	
0	0.0270482	
***
>covarianceMatrix:
P
2.16413e-49	0	0	0	0	0	
0	2.16413e-49	0	0	0	0	
0	0	2.16413e-49	0	0	0	
0	0	0	0.017016	0.013701	0.0253494	
0	0	0	0.013701	0.443548	0.116459	
0	0	0	0.0253494	0.116459	0.757077	
***
>covarianceMatrix:
Q
1.15928e-74	0	
0	0.0662939	
***
>covarianceMatrix:
R
4.95907e-55	0	0	0	0	0	0	0	0	0	
0	4.95907e-55	0	0	0	0	0	0	0	0	
0	0	4.95907e-55	0	0	0	0	0	0	0	
0	0	0	4.95907e-55	0	0	0	0	0	0	
0	0	0	0	4.95907e-55	0	0	0	0	0	
0	0	0	0	0	0.0105338	0.00708114	-3.7574e-05	0.00934849	-0.0176195	
0	0	0	0	0	0.00708114	0.0384749	-0.0372797	5.11434e-05	-0.0212815	
0	0	0	0	0	-3.7574e-05	-0.0372797	1.29555	0.0397084	-0.258519	
0	0	0	0	0	0.00934849	5.11434e-05	0.0397084	0.0348429	-0.0519392	
0	0	0	0	0	-0.0176195	-0.0212815	-0.258519	-0.0519392	0.482235	
***
>covarianceMatrix:
S
1.93106e-75	0	0	0	0	0	
0	1.93106e-75	0	0	0	0	
0	0	1.93106e-75	0	0	0	
0	0	0	0.0565419	0.00486667	-0.00509213	
0	0	0	0.00486667	0.0145324	0.00354834	
0	0	0	-0.00509213	0.00354834	0.119278	
***
>covarianceMatrix:
T
1.75804e-69	0	0	0	0	0	
0	1.75804e-69	0	0	0	0	
0	0	1.75804e-69	0	0	0	
0	0	0	0.0548511	-0.00101254	0.0161336	
0	0	0	-0.00101254	0.00268032	0.00187979	
0	0	0	0.0161336	0.00187979	0.0819376	
***
>covarianceMatrix:
V
2.68586e-76	0	0	0	0	0	
0	2.68586e-76	0	0	0	0	
0	0	2.68586e-76	0	0	0	
0	0	0	0.0246218	0.000326127	0.00056767	
0	0	0	0.000326127	0.00182855	0.000479587	
0	0	0	0.00056767	0.000479587	0.0143599	
***
>covarianceMatrix:
Y
1.15928e-74	0	
0	0.0190987	
***
>covarianceMatrix:
Z
1.15928e-74	0	
0	0.485508	
***
