>groupList:
A C D E F G H I K L
N P Q R S T V Y Z 
>stdDevSynthesisRate:
1.238 
>numParam:
40
>numMixtures:
1
>std_stdDevSynthesisRate:
0.1
>std_phi:
***
0.1 0.1 0.1 0.1 0.1 0.1 0.1 0.1 0.1 0.1
0.1 0.1 0.1 0.1 0.1 0.1 0.1 0.1 0.1 0.1
0.1 0.1 0.1 0.1 0.1 0.1 0.1 0.1 0.1 0.1
0.1 0.1 0.1 0.1 0.1 0.1 0.1 0.1 0.1 0.1
0.1 0.1 0.1 0.1 0.1 0.1 0.1 0.1 0.1 0.1
0.1 0.1 0.1 0.1 0.1 0.1 0.1 0.1 0.1 0.1
0.1 0.1 0.1 0.1 0.1 0.1 0.1 0.1 0.1 0.1
0.1 0.1 0.1 0.1 0.1 0.1 0.1 0.1 0.1 0.1
0.1 0.1 0.1 0.1 0.1 0.1 0.1 0.1 0.1 0.1
0.1 0.1 0.1 0.1 0.1 0.1 0.1 0.1 0.1 0.1
0.1 0.1 0.1 0.1 0.1 0.1 0.1 0.1 0.1 0.1
0.1 0.1 0.1 0.1 0.1 0.1 0.1 0.1 0.1 0.1
0.1 0.1 0.1 0.1 0.1 0.1 0.1 0.1 0.1 0.1
0.1 0.1 0.1 0.1 0.1 0.1 0.1 0.1 0.1 0.1
0.1 0.1 0.1 0.1 0.1 0.1 0.1 0.1 0.1 0.1
0.1 0.1 0.1 0.1 0.1 0.1 0.1 0.1 0.1 0.1
0.1 0.1 0.1 0.1 0.1 0.1 0.1 0.1 0.1 0.1
0.1 0.1 0.1 0.1 0.1 0.1 0.1 0.1 0.1 0.1
0.1 0.1 0.1 0.1 0.1 0.1 0.1 0.1 0.1 0.1
0.1 0.1 0.1 0.1 0.1 0.1 0.1 0.1 0.1 0.1
0.1 0.1 0.1 0.1 0.1 0.1 0.1 0.1 0.1 0.1
0.1 0.1 0.1 0.1 0.1 0.1 0.1 0.1 0.1 0.1
0.1 0.1 0.1 0.1 0.1 0.1 0.1 0.1 0.1 0.1
0.1 0.1 0.1 0.1 0.1 0.1 0.1 0.1 0.1 0.1
0.1 0.1 0.1 0.1 0.1 0.1 0.1 0.1 0.1 0.1
0.1 0.1 0.1 0.1 
>categories:
0 0
>mixtureAssignment:
0 0 0 0 0 0 0 0 0 0 0 0 0 0 0 0 0 0 0 0 0 0 0 0 0 0 0 0 0 0 0 0 0 0 0 0 0 0 0 0 0 0 0 0 0 0 0 0 0 0
0 0 0 0 0 0 0 0 0 0 0 0 0 0 0 0 0 0 0 0 0 0 0 0 0 0 0 0 0 0 0 0 0 0 0 0 0 0 0 0 0 0 0 0 0 0 0 0 0 0
0 0 0 0 0 0 0 0 0 0 0 0 0 0 0 0 0 0 0 0 0 0 0 0 0 0 0 0 0 0 0 0 0 0 0 0 0 0 0 0 0 0 0 0 0 0 0 0 0 0
0 0 0 0 0 0 0 0 0 0 0 0 0 0 0 0 0 0 0 0 0 0 0 0 0 0 0 0 0 0 0 0 0 0 0 0 0 0 0 0 0 0 0 0 0 0 0 0 0 0
0 0 0 0 0 0 0 0 0 0 0 0 0 0 0 0 0 0 0 0 0 0 0 0 0 0 0 0 0 0 0 0 0 0 0 0 0 0 0 0 0 0 0 0 0 0 0 0 0 0
0 0 0 0 
>numMutationCategories:
1
>numSelectionCategories:
1
>categoryProbabilities:
1 
>selectionIsInMixture:
***
0 
>mutationIsInMixture:
***
0 
>obsPhiSets:
0
>currentSynthesisRateLevel:
***
0.0805135 0.341635 1.0114 6.15615 1.26439 1.28245 2.10567 1.69335 0.672078 8.18589
0.370679 2.76335 0.39264 11.4288 3.50483 0.365003 0.835319 1.3737 0.249247 2.49388
1.08733 0.334961 0.291145 1.0271 2.68203 0.906959 1.0889 0.842863 4.1835 0.431698
7.46856 4.23674 0.434831 1.77939 1.17453 1.31999 0.0949556 0.834349 0.342248 0.683706
0.670435 0.573425 9.90534 1.7294 2.31629 0.609938 0.130302 0.657128 0.82923 0.448078
10.8716 1.25285 1.05147 2.8494 0.256733 2.86137 0.207086 1.94776 0.828065 0.298307
2.20942 1.45742 0.422456 0.968473 0.178297 0.80248 0.294169 0.479653 1.88306 0.381561
1.24266 0.151314 1.41732 0.206077 2.76024 6.10848 0.183407 0.216671 0.805071 0.662577
0.885413 0.445575 0.261789 0.476443 1.09828 0.751198 1.09233 0.571007 0.378622 0.274645
1.34094 0.603671 15.7845 0.670055 0.923493 0.699497 1.90956 9.87322 1.00934 0.677008
0.711406 1.03785 0.116749 1.82103 0.275192 1.0079 0.433506 0.837823 0.384478 0.510831
0.166427 0.510021 8.07389 2.70924 0.850383 1.39086 1.7212 1.34644 0.615464 0.753446
0.735353 0.157646 0.412968 1.08595 0.308868 0.323945 0.136692 1.00427 1.35945 0.858758
14.6265 2.52825 0.970313 0.214367 0.619466 3.70938 4.14016 7.80405 1.43314 0.7496
0.219281 3.16598 1.24504 0.267433 0.56359 0.413245 2.89411 0.72307 0.43936 0.546666
0.506642 4.70221 0.210158 0.210515 3.38736 0.199078 9.61126 0.267644 0.652749 3.45777
0.426409 0.215552 1.01418 8.84163 1.83802 1.04381 0.315534 6.0196 2.62083 7.80863
0.206861 0.191846 6.80728 1.39554 0.875464 2.06774 8.11798 0.28204 2.10329 0.778072
1.55511 0.143891 1.04055 2.16857 0.283072 9.26464 3.57837 0.502904 1.5493 0.288678
7.76369 2.9656 0.281425 0.187865 2.39736 0.35707 2.21623 0.273706 0.258562 0.274494
0.909154 4.66688 0.158047 0.672909 1.60097 0.307184 0.257064 2.86504 2.80539 1.92194
0.293543 3.42497 9.9739 1.99016 0.67351 1.10637 0.190218 11.1411 0.645954 10.0236
1.72996 0.30695 0.248411 1.6564 1.37686 7.41634 0.267 1.11906 7.34643 0.828748
0.316504 2.43662 0.154159 1.26963 3.78043 0.361277 3.18109 1.9005 0.143359 8.5473
4.82965 1.48172 3.17283 0.338177 1.70683 0.434425 4.8204 11.1404 1.59624 2.02408
1.87883 0.235313 1.89961 0.552099 
>noiseOffset:
>observedSynthesisNoise:
>std_NoiseOffset:
>mutation_prior_mean:
***
0 0 0 0 0 0 0 0 0 0
0 0 0 0 0 0 0 0 0 0
0 0 0 0 0 0 0 0 0 0
0 0 0 0 0 0 0 0 0 0
>mutation_prior_sd:
***
0.35 0.35 0.35 0.35 0.35 0.35 0.35 0.35 0.35 0.35
0.35 0.35 0.35 0.35 0.35 0.35 0.35 0.35 0.35 0.35
0.35 0.35 0.35 0.35 0.35 0.35 0.35 0.35 0.35 0.35
0.35 0.35 0.35 0.35 0.35 0.35 0.35 0.35 0.35 0.35
>std_csp:
4.05129e+17 4.05129e+17 4.05129e+17 3.89603e+38 3.89603e+38 3.89603e+38 3.89603e+38 1.10774e+14 1.10774e+14 1.10774e+14
3.89603e+38 1.46339e+37 1.46339e+37 3.89603e+38 0.631072 0.631072 0.631072 0.631072 0.631072 3.89603e+38
3.39709e+09 3.39709e+09 3.39709e+09 3.89603e+38 0.00155945 0.00155945 0.00155945 0.00155945 0.00155945 4.76307e+14
4.76307e+14 4.76307e+14 8.68241e+10 8.68241e+10 8.68241e+10 1.45165e+18 1.45165e+18 1.45165e+18 3.89603e+38 3.89603e+38
>currentMutationParameter:
***
-0.207407 0.441056 0.645644 0.250758 0.722535 -0.661767 0.605098 0.0345033 0.408419 0.715699
0.738052 0.0243036 0.666805 -0.570756 0.450956 1.05956 0.549069 0.409834 -0.196043 0.614633
-0.0635834 0.497277 0.582122 -0.511362 -1.19632 -0.771466 -0.160406 0.476347 0.403494 -0.0784245
0.522261 0.646223 -0.176795 0.540641 0.501026 0.132361 0.717795 0.387088 0.504953 0.368376
>currentSelectionParameter:
***
0.83249 0.122678 0.258995 0.27252 -0.100291 -0.392075 -0.317704 1.93561 0.599175 1.13145
-0.110327 0.932973 -0.0408795 0.323272 0.338243 1.86792 0.403499 0.647051 0.198907 -0.328791
-0.719325 -0.199258 0.279463 -0.332414 -0.0178756 0.978916 0.862667 0.21132 14.5305 1.18798
-0.131604 0.24528 0.177916 -0.0419288 1.93952 1.03545 -0.0638179 0.149493 -0.484724 -0.0187456
>covarianceMatrix:
A
5.24584e-79	0	0	0	0	0	
0	5.24584e-79	0	0	0	0	
0	0	5.24584e-79	0	0	0	
0	0	0	0.271385	0.0150935	-0.00547883	
0	0	0	0.0150935	0.0223597	0.0115644	
0	0	0	-0.00547883	0.0115644	0.139143	
***
>covarianceMatrix:
C
1.15928e-74	0	
0	0.049434	
***
>covarianceMatrix:
D
1.15928e-74	0	
0	0.00621635	
***
>covarianceMatrix:
E
1.15928e-74	0	
0	0.0413877	
***
>covarianceMatrix:
F
1.15928e-74	0	
0	0.0183309	
***
>covarianceMatrix:
G
2.29985e-72	0	0	0	0	0	
0	2.29985e-72	0	0	0	0	
0	0	2.29985e-72	0	0	0	
0	0	0	0.257403	-0.0137567	0.0343256	
0	0	0	-0.0137567	0.0561745	-0.00404406	
0	0	0	0.0343256	-0.00404406	0.28589	
***
>covarianceMatrix:
H
1.15928e-74	0	
0	0.0108294	
***
>covarianceMatrix:
I
4.35436e-76	0	0	0	
0	4.35436e-76	0	0	
0	0	0.108968	0.00629967	
0	0	0.00629967	0.00613566	
***
>covarianceMatrix:
K
1.15928e-74	0	
0	0.0101736	
***
>covarianceMatrix:
L
4.96017e-34	0	0	0	0	0	0	0	0	0	
0	4.96017e-34	0	0	0	0	0	0	0	0	
0	0	4.96017e-34	0	0	0	0	0	0	0	
0	0	0	4.96017e-34	0	0	0	0	0	0	
0	0	0	0	4.96017e-34	0	0	0	0	0	
0	0	0	0	0	0.0271703	0.0344871	0.00172515	0.00363821	0.0015216	
0	0	0	0	0	0.0344871	0.979735	0.0177434	0.0292088	0.0102653	
0	0	0	0	0	0.00172515	0.0177434	0.0310419	0.00474978	0.00195305	
0	0	0	0	0	0.00363821	0.0292088	0.00474978	0.0475583	0.00125912	
0	0	0	0	0	0.0015216	0.0102653	0.00195305	0.00125912	0.00591226	
***
>covarianceMatrix:
N
1.15928e-74	0	
0	0.0471779	
***
>covarianceMatrix:
P
4.07113e-67	0	0	0	0	0	
0	4.07113e-67	0	0	0	0	
0	0	4.07113e-67	0	0	0	
0	0	0	0.0588508	0.0500103	0.0472243	
0	0	0	0.0500103	0.132652	0.0213156	
0	0	0	0.0472243	0.0213156	0.237017	
***
>covarianceMatrix:
Q
1.15928e-74	0	
0	0.0813231	
***
>covarianceMatrix:
R
3.48473e-42	0	0	0	0	0	0	0	0	0	
0	3.48473e-42	0	0	0	0	0	0	0	0	
0	0	3.48473e-42	0	0	0	0	0	0	0	
0	0	0	3.48473e-42	0	0	0	0	0	0	
0	0	0	0	3.48473e-42	0	0	0	0	0	
0	0	0	0	0	0.0174191	0.0108979	0.0177144	0.00997757	0.0343218	
0	0	0	0	0	0.0108979	0.0780924	0.0332007	0.0222194	0.0568468	
0	0	0	0	0	0.0177144	0.0332007	0.228864	0.0138113	0.0579975	
0	0	0	0	0	0.00997757	0.0222194	0.0138113	0.115586	-0.0263805	
0	0	0	0	0	0.0343218	0.0568468	0.0579975	-0.0263805	2.73102	
***
>covarianceMatrix:
S
3.53258e-70	0	0	0	0	0	
0	3.53258e-70	0	0	0	0	
0	0	3.53258e-70	0	0	0	
0	0	0	0.124032	0.00841464	0.0167043	
0	0	0	0.00841464	0.00719917	0.00776962	
0	0	0	0.0167043	0.00776962	0.0700468	
***
>covarianceMatrix:
T
8.09106e-67	0	0	0	0	0	
0	8.09106e-67	0	0	0	0	
0	0	8.09106e-67	0	0	0	
0	0	0	0.00922988	0.000580223	-2.16704e-06	
0	0	0	0.000580223	0.00290155	0.000405467	
0	0	0	-2.16704e-06	0.000405467	0.14368	
***
>covarianceMatrix:
V
1.11911e-76	0	0	0	0	0	
0	1.11911e-76	0	0	0	0	
0	0	1.11911e-76	0	0	0	
0	0	0	0.0676379	0.000638973	-0.000785852	
0	0	0	0.000638973	0.00222352	0.000514715	
0	0	0	-0.000785852	0.000514715	0.0104869	
***
>covarianceMatrix:
Y
1.15928e-74	0	
0	0.0191036	
***
>covarianceMatrix:
Z
1.15928e-74	0	
0	0.215172	
***
