>groupList:
A C D E F G H I K L
N P Q R S T V Y Z 
>stdDevSynthesisRate:
1.238 
>numParam:
40
>numMixtures:
1
>std_stdDevSynthesisRate:
0.1
>std_phi:
***
0.1 0.1 0.1 0.1 0.1 0.1 0.1 0.1 0.1 0.1
0.1 0.1 0.1 0.1 0.1 0.1 0.1 0.1 0.1 0.1
0.1 0.1 0.1 0.1 0.1 0.1 0.1 0.1 0.1 0.1
0.1 0.1 0.1 0.1 0.1 0.1 0.1 0.1 0.1 0.1
0.1 0.1 0.1 0.1 0.1 0.1 0.1 0.1 0.1 0.1
0.1 0.1 0.1 0.1 0.1 0.1 0.1 0.1 0.1 0.1
0.1 0.1 0.1 0.1 0.1 0.1 0.1 0.1 0.1 0.1
0.1 0.1 0.1 0.1 0.1 0.1 0.1 0.1 0.1 0.1
0.1 0.1 0.1 0.1 0.1 0.1 0.1 0.1 0.1 0.1
0.1 0.1 0.1 0.1 0.1 0.1 0.1 0.1 0.1 0.1
0.1 0.1 0.1 0.1 0.1 0.1 0.1 0.1 0.1 0.1
0.1 0.1 0.1 0.1 0.1 0.1 0.1 0.1 0.1 0.1
0.1 0.1 0.1 0.1 0.1 0.1 0.1 0.1 0.1 0.1
0.1 0.1 0.1 0.1 0.1 0.1 0.1 0.1 0.1 0.1
0.1 0.1 0.1 0.1 0.1 0.1 0.1 0.1 0.1 0.1
0.1 0.1 0.1 0.1 0.1 0.1 0.1 0.1 0.1 0.1
0.1 0.1 0.1 0.1 0.1 0.1 0.1 0.1 0.1 0.1
0.1 0.1 0.1 0.1 0.1 0.1 0.1 0.1 0.1 0.1
0.1 0.1 0.1 0.1 0.1 0.1 0.1 0.1 0.1 0.1
0.1 0.1 0.1 0.1 0.1 0.1 0.1 0.1 0.1 0.1
0.1 0.1 0.1 0.1 0.1 0.1 0.1 0.1 0.1 0.1
0.1 0.1 0.1 0.1 0.1 0.1 0.1 0.1 0.1 0.1
0.1 0.1 0.1 0.1 0.1 0.1 0.1 0.1 0.1 0.1
0.1 0.1 0.1 0.1 0.1 0.1 0.1 0.1 0.1 0.1
0.1 0.1 0.1 0.1 0.1 0.1 0.1 0.1 0.1 0.1
0.1 0.1 0.1 0.1 0.1 0.1 0.1 0.1 0.1 0.1
0.1 0.1 0.1 0.1 0.1 0.1 0.1 0.1 0.1 0.1
0.1 0.1 0.1 0.1 0.1 0.1 0.1 0.1 0.1 0.1
0.1 0.1 0.1 0.1 0.1 0.1 0.1 0.1 0.1 0.1
0.1 0.1 0.1 0.1 0.1 0.1 0.1 0.1 0.1 0.1
0.1 0.1 0.1 0.1 0.1 0.1 0.1 0.1 0.1 0.1
0.1 0.1 0.1 0.1 0.1 0.1 0.1 0.1 0.1 0.1
0.1 0.1 0.1 0.1 0.1 0.1 0.1 0.1 0.1 0.1
0.1 0.1 0.1 0.1 0.1 0.1 0.1 0.1 0.1 0.1
0.1 0.1 0.1 0.1 0.1 0.1 0.1 0.1 0.1 0.1
0.1 0.1 0.1 0.1 0.1 0.1 0.1 0.1 0.1 0.1
0.1 0.1 0.1 0.1 0.1 0.1 0.1 0.1 0.1 0.1
0.1 0.1 0.1 0.1 0.1 0.1 0.1 0.1 0.1 0.1
0.1 0.1 0.1 0.1 0.1 0.1 0.1 0.1 0.1 0.1
0.1 0.1 0.1 0.1 0.1 0.1 0.1 0.1 0.1 0.1
0.1 0.1 0.1 0.1 0.1 0.1 0.1 0.1 0.1 0.1
0.1 0.1 0.1 0.1 0.1 0.1 0.1 0.1 0.1 0.1
0.1 0.1 0.1 0.1 0.1 0.1 0.1 0.1 0.1 0.1
0.1 0.1 0.1 0.1 0.1 0.1 0.1 0.1 0.1 0.1
0.1 0.1 0.1 0.1 0.1 0.1 0.1 0.1 0.1 0.1
0.1 0.1 0.1 0.1 0.1 0.1 0.1 0.1 0.1 0.1
0.1 0.1 0.1 0.1 0.1 0.1 0.1 0.1 0.1 0.1
0.1 0.1 0.1 0.1 0.1 0.1 0.1 0.1 0.1 0.1
0.1 0.1 0.1 0.1 0.1 0.1 0.1 0.1 0.1 0.1
0.1 0.1 0.1 0.1 0.1 0.1 0.1 0.1 0.1 0.1
0.1 0.1 0.1 0.1 0.1 0.1 0.1 0.1 0.1 0.1
0.1 0.1 0.1 0.1 0.1 0.1 0.1 0.1 0.1 0.1
0.1 0.1 0.1 0.1 0.1 0.1 0.1 0.1 0.1 0.1
0.1 0.1 0.1 0.1 0.1 0.1 0.1 0.1 0.1 0.1
0.1 0.1 0.1 0.1 0.1 0.1 0.1 0.1 0.1 0.1
0.1 0.1 0.1 0.1 0.1 0.1 0.1 0.1 0.1 0.1
0.1 0.1 0.1 0.1 0.1 0.1 0.1 0.1 0.1 0.1
0.1 0.1 0.1 0.1 0.1 0.1 0.1 0.1 0.1 0.1
0.1 0.1 0.1 0.1 0.1 0.1 0.1 0.1 0.1 0.1
0.1 0.1 0.1 0.1 0.1 0.1 0.1 0.1 0.1 0.1
0.1 0.1 0.1 0.1 0.1 0.1 0.1 0.1 0.1 0.1
0.1 
>categories:
0 0
>mixtureAssignment:
0 0 0 0 0 0 0 0 0 0 0 0 0 0 0 0 0 0 0 0 0 0 0 0 0 0 0 0 0 0 0 0 0 0 0 0 0 0 0 0 0 0 0 0 0 0 0 0 0 0
0 0 0 0 0 0 0 0 0 0 0 0 0 0 0 0 0 0 0 0 0 0 0 0 0 0 0 0 0 0 0 0 0 0 0 0 0 0 0 0 0 0 0 0 0 0 0 0 0 0
0 0 0 0 0 0 0 0 0 0 0 0 0 0 0 0 0 0 0 0 0 0 0 0 0 0 0 0 0 0 0 0 0 0 0 0 0 0 0 0 0 0 0 0 0 0 0 0 0 0
0 0 0 0 0 0 0 0 0 0 0 0 0 0 0 0 0 0 0 0 0 0 0 0 0 0 0 0 0 0 0 0 0 0 0 0 0 0 0 0 0 0 0 0 0 0 0 0 0 0
0 0 0 0 0 0 0 0 0 0 0 0 0 0 0 0 0 0 0 0 0 0 0 0 0 0 0 0 0 0 0 0 0 0 0 0 0 0 0 0 0 0 0 0 0 0 0 0 0 0
0 0 0 0 0 0 0 0 0 0 0 0 0 0 0 0 0 0 0 0 0 0 0 0 0 0 0 0 0 0 0 0 0 0 0 0 0 0 0 0 0 0 0 0 0 0 0 0 0 0
0 0 0 0 0 0 0 0 0 0 0 0 0 0 0 0 0 0 0 0 0 0 0 0 0 0 0 0 0 0 0 0 0 0 0 0 0 0 0 0 0 0 0 0 0 0 0 0 0 0
0 0 0 0 0 0 0 0 0 0 0 0 0 0 0 0 0 0 0 0 0 0 0 0 0 0 0 0 0 0 0 0 0 0 0 0 0 0 0 0 0 0 0 0 0 0 0 0 0 0
0 0 0 0 0 0 0 0 0 0 0 0 0 0 0 0 0 0 0 0 0 0 0 0 0 0 0 0 0 0 0 0 0 0 0 0 0 0 0 0 0 0 0 0 0 0 0 0 0 0
0 0 0 0 0 0 0 0 0 0 0 0 0 0 0 0 0 0 0 0 0 0 0 0 0 0 0 0 0 0 0 0 0 0 0 0 0 0 0 0 0 0 0 0 0 0 0 0 0 0
0 0 0 0 0 0 0 0 0 0 0 0 0 0 0 0 0 0 0 0 0 0 0 0 0 0 0 0 0 0 0 0 0 0 0 0 0 0 0 0 0 0 0 0 0 0 0 0 0 0
0 0 0 0 0 0 0 0 0 0 0 0 0 0 0 0 0 0 0 0 0 0 0 0 0 0 0 0 0 0 0 0 0 0 0 0 0 0 0 0 0 0 0 0 0 0 0 0 0 0
0 0 0 0 0 0 0 0 0 0 0 
>numMutationCategories:
1
>numSelectionCategories:
1
>categoryProbabilities:
1 
>selectionIsInMixture:
***
0 
>mutationIsInMixture:
***
0 
>obsPhiSets:
0
>currentSynthesisRateLevel:
***
2.0554 2.01218 0.144042 0.0805135 1.71206 4.58293 0.723041 6.42316 0.542833 8.62154
1.2661 0.341635 2.57141 0.886986 0.723517 1.42988 0.607618 1.0114 0.633312 0.253862
0.116843 1.46651 6.15615 1.26439 1.28245 2.10567 1.69335 2.7152 0.672078 8.18589
0.12163 0.370679 2.76335 0.669011 1.79594 0.39264 0.461963 0.237547 11.4288 3.50483
0.433918 2.7186 0.130642 1.00467 1.26588 0.365003 11.0797 0.991831 0.262976 0.150402
1.10488 0.835319 4.77829 1.3737 0.279028 1.75479 0.448076 2.04656 0.249247 2.49388
0.47984 0.421088 3.62364 0.560201 1.02705 0.493067 0.637145 0.132274 5.32052 1.08733
4.96214 0.334961 1.74198 1.64435 3.65697 0.291145 0.217891 1.0271 2.79552 3.09488
9.3305 0.995796 2.68203 0.906959 1.0889 4.15137 0.842863 4.1835 0.431698 7.46856
3.14037 4.23674 0.434831 1.77939 5.63077 0.806985 0.108803 1.17453 1.31999 1.25833
1.10382 0.908871 0.18598 0.0949556 0.834349 0.238729 0.342248 0.924722 0.248357 0.683706
0.670435 2.33847 2.69497 0.573425 9.90534 1.7294 2.31629 0.609938 0.119662 0.130302
0.657128 0.502988 0.236379 2.06516 4.98377 0.176305 2.35907 0.343166 0.82923 0.448078
2.44538 1.15667 0.433466 10.8716 1.25285 6.17463 2.6513 1.18227 1.05147 2.8494
0.256733 1.29696 0.248349 0.467649 2.86137 0.207086 0.952764 0.627379 1.94776 2.3627
0.828065 2.71841 0.298307 11.3688 0.742249 1.07561 1.0532 7.83432 1.61695 6.56725
2.20942 1.45742 0.422456 0.968473 0.178297 0.80248 4.43534 0.294169 0.479653 5.56481
7.91939 1.26 1.88306 0.381561 1.40755 1.24266 0.151314 0.544466 1.41732 0.206077
2.76024 1.40451 0.670173 4.2956 6.10848 0.183407 0.216671 0.805071 0.662577 2.28107
1.04654 0.885413 2.84988 8.68323 1.37945 0.445575 8.97598 1.44101 0.755599 0.261789
0.562304 1.45192 0.476443 1.39422 1.09828 1.62902 1.57956 2.57202 0.751198 1.05211
0.205656 1.09233 2.05366 0.235276 0.232455 0.571007 8.41835 0.454485 0.60707 0.827104
1.13895 0.378622 0.274645 1.34094 7.96138 0.190657 1.03149 0.188693 0.603671 0.250383
0.642526 15.7845 0.670055 0.923493 0.592877 0.699497 1.90956 0.822239 1.97341 9.87322
6.63835 1.91123 8.24896 1.00934 0.677008 0.711406 1.03785 0.116749 1.82103 3.12919
1.60023 0.487982 0.275192 1.0079 0.433506 0.837823 0.384478 0.200021 0.576857 0.510831
6.23155 0.249293 0.166427 0.329583 0.510021 8.07389 2.70924 0.850383 1.05329 1.39086
0.314087 1.7212 0.999777 1.09263 1.34644 8.77613 0.715994 2.76538 0.615464 0.753446
0.735353 0.157646 0.174234 0.488207 0.735276 0.553425 1.52331 0.412968 0.342085 6.64996
0.463414 1.08595 0.894254 8.2157 0.15838 0.308868 0.508051 1.32281 0.323945 0.136692
1.00427 0.386499 2.74683 1.41629 1.35945 1.40975 0.858758 0.870283 2.91857 14.6265
2.52825 0.253537 0.677767 0.805476 0.224974 0.313529 0.970313 0.214367 1.46154 0.953614
0.619466 0.2287 3.61609 3.70938 4.14016 7.80405 5.31728 1.43314 1.46338 0.7496
0.219281 3.16598 9.36038 0.198763 0.451439 0.489147 0.338328 1.24504 0.27706 0.979468
1.68513 0.896717 1.71804 0.267433 0.56359 0.413245 2.89411 1.04335 0.509952 2.17163
6.81375 0.72307 0.43936 0.406659 0.744321 8.24446 0.627281 0.546666 1.28686 0.506642
0.268595 0.18084 4.70221 0.210158 0.210515 3.38736 0.227493 0.199078 0.128295 0.284565
0.331019 1.8272 9.61126 13.9329 11.9726 0.145506 5.73215 0.267644 0.215772 0.652749
3.45777 0.426409 1.21521 0.215552 1.01418 0.234264 2.00096 0.387797 0.390754 8.84163
0.940851 1.83802 1.04381 0.315534 6.0196 3.03008 2.62083 0.338308 7.80863 0.377579
6.3655 0.321659 0.206861 0.27127 0.928732 0.191846 6.80728 0.257503 0.250276 1.39554
0.875464 0.474339 2.06774 0.685459 2.29842 0.79607 7.7851 0.305065 8.11798 0.485731
0.28204 0.187018 7.8244 0.922141 2.10329 0.461998 0.748187 0.393924 0.540375 0.345151
1.19416 0.603075 0.778072 1.58606 1.55511 2.34437 1.37454 0.143891 1.04055 2.16857
0.283072 2.2529 9.26464 3.57837 6.55668 2.53737 0.907844 0.502904 1.5493 0.288678
7.76369 2.9656 0.16718 0.281425 0.187865 0.403059 0.773814 1.01507 2.39736 5.18397
0.168741 7.0168 0.392072 0.153744 0.443001 1.60468 0.35707 1.47171 2.21623 0.273706
1.49398 0.258562 1.00055 0.424545 9.31998 0.274494 0.909154 1.03351 4.66688 0.68913
0.950643 0.835717 0.158047 8.94511 0.672909 1.80981 1.60097 2.15103 1.52313 0.602243
1.37077 0.307184 0.257064 2.86504 0.348875 0.862771 1.2965 1.05052 2.80539 1.92194
1.71551 0.293543 1.36113 0.398454 0.360868 3.42497 7.88955 9.62122 0.832855 9.9739
1.17937 0.910513 1.99016 0.67351 0.970067 1.10637 0.813226 0.190218 0.769348 0.276298
0.200581 1.43161 11.1411 0.145386 0.645954 1.78194 8.31265 1.45813 3.71508 0.344173
10.0236 1.96676 0.616338 1.72996 1.05498 0.30695 2.08726 0.945836 0.248411 0.99442
0.210441 1.6564 1.37686 1.82117 7.41634 0.267 1.11906 1.38829 0.903102 2.4973
1.38564 0.278192 0.301613 7.34643 0.317167 1.89005 2.02529 0.828748 2.2566 0.316504
2.43662 1.33357 2.17405 0.154159 4.82767 1.26963 3.78043 3.15879 0.361277 0.447109
1.35086 3.18109 0.120894 0.185026 1.9005 0.143359 8.5473 1.00458 4.82965 0.348288
0.171355 1.48172 11.1545 0.282088 0.681894 3.17283 0.35144 0.124955 0.338177 1.70683
0.434425 0.260682 4.8204 1.29728 0.749275 4.74766 11.1404 0.645363 1.53053 1.59624
9.64198 0.555914 2.02408 0.377593 2.10192 0.509362 0.124565 1.87883 0.235313 1.89961
0.552099 
>noiseOffset:
>observedSynthesisNoise:
>std_NoiseOffset:
>mutation_prior_mean:
***
0 0 0 0 0 0 0 0 0 0
0 0 0 0 0 0 0 0 0 0
0 0 0 0 0 0 0 0 0 0
0 0 0 0 0 0 0 0 0 0
>mutation_prior_sd:
***
0.35 0.35 0.35 0.35 0.35 0.35 0.35 0.35 0.35 0.35
0.35 0.35 0.35 0.35 0.35 0.35 0.35 0.35 0.35 0.35
0.35 0.35 0.35 0.35 0.35 0.35 0.35 0.35 0.35 0.35
0.35 0.35 0.35 0.35 0.35 0.35 0.35 0.35 0.35 0.35
>std_csp:
2.64587e+08 2.64587e+08 2.64587e+08 6.24182e+18 6.24182e+18 6.24182e+18 6.24182e+18 1.01436e+10 1.01436e+10 1.01436e+10
6.24182e+18 4.05129e+17 4.05129e+17 6.24182e+18 0.298598 0.298598 0.298598 0.298598 0.298598 6.24182e+18
8.2818e+06 8.2818e+06 8.2818e+06 6.24182e+18 0.0347892 0.0347892 0.0347892 0.0347892 0.0347892 3.81005e+08
3.81005e+08 3.81005e+08 3.56102e+07 3.56102e+07 3.56102e+07 8.73734e+08 8.73734e+08 8.73734e+08 6.24182e+18 6.24182e+18
>currentMutationParameter:
***
-0.207407 0.441056 0.645644 0.250758 0.722535 -0.661767 0.605098 0.0345033 0.408419 0.715699
0.738052 0.0243036 0.666805 -0.570756 0.450956 1.05956 0.549069 0.409834 -0.196043 0.614633
-0.0635834 0.497277 0.582122 -0.511362 -1.19632 -0.771466 -0.160406 0.476347 0.403494 -0.0784245
0.522261 0.646223 -0.176795 0.540641 0.501026 0.132361 0.717795 0.387088 0.504953 0.368376
>currentSelectionParameter:
***
0.430518 0.00143662 0.565832 0.234795 -0.116634 -0.402258 -0.290039 1.17105 0.706116 0.634065
-0.25231 0.83394 -0.0928273 0.279636 0.279738 1.29747 0.56618 0.457791 0.257025 -0.324282
-0.25928 0.0703361 0.462321 -0.558913 -0.0796772 0.545387 2.07063 0.708297 2.05014 0.477518
-0.0424809 0.43194 0.49094 -0.0904458 0.55699 0.574551 -0.0339674 0.36764 -0.291356 0.193365
>covarianceMatrix:
A
2.1954e-39	0	0	0	0	0	
0	2.1954e-39	0	0	0	0	
0	0	2.1954e-39	0	0	0	
0	0	0	0.0023485	0.000335274	0.000673127	
0	0	0	0.000335274	0.000540113	0.000325216	
0	0	0	0.000673127	0.000325216	0.00856646	
***
>covarianceMatrix:
C
5.38349e-39	0	
0	0.00842195	
***
>covarianceMatrix:
D
5.38349e-39	0	
0	0.00133542	
***
>covarianceMatrix:
E
5.38349e-39	0	
0	0.00417613	
***
>covarianceMatrix:
F
5.38349e-39	0	
0	0.00129621	
***
>covarianceMatrix:
G
3.98813e-43	0	0	0	0	0	
0	3.98813e-43	0	0	0	0	
0	0	3.98813e-43	0	0	0	
0	0	0	0.0125864	0.000842313	0.000966233	
0	0	0	0.000842313	0.00434506	0.000706377	
0	0	0	0.000966233	0.000706377	0.0104527	
***
>covarianceMatrix:
H
5.38349e-39	0	
0	0.0032158	
***
>covarianceMatrix:
I
2.69613e-39	0	0	0	
0	2.69613e-39	0	0	
0	0	0.00389567	-5.81468e-06	
0	0	-5.81468e-06	0.000414601	
***
>covarianceMatrix:
K
5.38349e-39	0	
0	0.00122012	
***
>covarianceMatrix:
L
4.69187e-15	0	0	0	0	0	0	0	0	0	
0	4.69187e-15	0	0	0	0	0	0	0	0	
0	0	4.69187e-15	0	0	0	0	0	0	0	
0	0	0	4.69187e-15	0	0	0	0	0	0	
0	0	0	0	4.69187e-15	0	0	0	0	0	
0	0	0	0	0	0.00144516	0.00152258	0.000742976	0.000414176	0.00024384	
0	0	0	0	0	0.00152258	0.0191005	0.00111678	-0.000297968	0.000503365	
0	0	0	0	0	0.000742976	0.00111678	0.00296445	0.0004106	0.000490801	
0	0	0	0	0	0.000414176	-0.000297968	0.0004106	0.0016772	0.000324986	
0	0	0	0	0	0.00024384	0.000503365	0.000490801	0.000324986	0.00100214	
***
>covarianceMatrix:
N
5.38349e-39	0	
0	0.00272497	
***
>covarianceMatrix:
P
2.43585e-37	0	0	0	0	0	
0	2.43585e-37	0	0	0	0	
0	0	2.43585e-37	0	0	0	
0	0	0	0.00224899	0.000432553	0.00143133	
0	0	0	0.000432553	0.0144833	-0.000965624	
0	0	0	0.00143133	-0.000965624	0.0312193	
***
>covarianceMatrix:
Q
5.38349e-39	0	
0	0.0101296	
***
>covarianceMatrix:
R
7.25091e-23	0	0	0	0	0	0	0	0	0	
0	7.25091e-23	0	0	0	0	0	0	0	0	
0	0	7.25091e-23	0	0	0	0	0	0	0	
0	0	0	7.25091e-23	0	0	0	0	0	0	
0	0	0	0	7.25091e-23	0	0	0	0	0	
0	0	0	0	0	0.000827689	0.000759055	-0.000608639	0.000355324	0.000280912	
0	0	0	0	0	0.000759055	0.00577929	0.000120839	0.000542935	-0.00615646	
0	0	0	0	0	-0.000608639	0.000120839	0.0447362	0.00240962	-0.00364811	
0	0	0	0	0	0.000355324	0.000542935	0.00240962	0.0320726	-0.00972237	
0	0	0	0	0	0.000280912	-0.00615646	-0.00364811	-0.00972237	0.0244878	
***
>covarianceMatrix:
S
2.45829e-40	0	0	0	0	0	
0	2.45829e-40	0	0	0	0	
0	0	2.45829e-40	0	0	0	
0	0	0	0.00287038	-3.52264e-05	0.000936938	
0	0	0	-3.52264e-05	0.000560449	0.000791459	
0	0	0	0.000936938	0.000791459	0.00863458	
***
>covarianceMatrix:
T
2.26232e-37	0	0	0	0	0	
0	2.26232e-37	0	0	0	0	
0	0	2.26232e-37	0	0	0	
0	0	0	0.0026418	1.97331e-05	0.000752578	
0	0	0	1.97331e-05	0.000469429	5.20313e-05	
0	0	0	0.000752578	5.20313e-05	0.00670508	
***
>covarianceMatrix:
V
2.6302e-41	0	0	0	0	0	
0	2.6302e-41	0	0	0	0	
0	0	2.6302e-41	0	0	0	
0	0	0	0.0030258	-3.42264e-05	0.000471666	
0	0	0	-3.42264e-05	0.000168238	-7.81471e-06	
0	0	0	0.000471666	-7.81471e-06	0.00125843	
***
>covarianceMatrix:
Y
5.38349e-39	0	
0	0.00107589	
***
>covarianceMatrix:
Z
5.38349e-39	0	
0	0.0190903	
***
