AA,Codon,Mean,Std.Dev,Effective.Samples,2.5%,97.5%
A,GCA,0.479122770792246,0.0161049867810106,4099.01425712205,0.447437432905038,0.510468942920367
A,GCC,0.0513846252076328,0.00689351062982265,3496.3885593548,0.0378770302981138,0.0651050220554074
A,GCG,0.609598064982891,0.0282224083395758,2941.8662590893,0.55381327321132,0.666302345693111
A,GCT,0,0,0,0,0
C,TGC,0.407794169610739,0.0436578259285175,4509.66423627317,0.32575591703256,0.4976797858874
C,TGT,0,0,0,0,0
D,GAC,-0.138696761888266,0.0116028163166812,4473.01356617499,-0.161958173662424,-0.116428762239714
D,GAT,0,0,0,0,0
E,GAA,-0.25706633592248,0.0148009771693701,4585.11600172199,-0.286117293188969,-0.228053973490993
E,GAG,0,0,0,0,0
F,TTC,-0.278787454289198,0.0143821237069569,4632.2024669474,-0.307369294514259,-0.250375791390737
F,TTT,0,0,0,0,0
G,GGA,0.886136183893681,0.0453473448191575,4116.23725113109,0.797228234509627,0.975224903722604
G,GGC,0.543506401395798,0.0355555546305684,3324.15335925851,0.476114993790785,0.615489918986956
G,GGG,0.70388333889246,0.0495221796579059,3808.01501856767,0.608298303186893,0.802255532642206
G,GGT,0,0,0,0,0
H,CAC,-0.191947512617707,0.0184713355714118,4743.458696613,-0.228686569134394,-0.156192824741205
H,CAT,0,0,0,0,0
I,ATA,0.779003907501698,0.027480682567598,4094.97413288778,0.726004321376483,0.832791082064311
I,ATC,-0.0814906289592385,0.00873406979495847,4011.30873249128,-0.098435590416193,-0.0647063345337907
I,ATT,0,0,0,0,0
K,AAA,0.278671784633398,0.0095939581367759,4782.8830824858,0.259759113689264,0.297513498614232
K,AAG,0,0,0,0,0
L,CTA,0.286063149410486,0.0140849290290142,2676.58615810731,0.258489508430163,0.314523236453533
L,CTC,0.924938893580437,0.0449941350266891,2483.02366658969,0.837935443222523,1.01554373701413
L,CTG,0.525841921317577,0.0228306680690877,2446.43711034885,0.482971774786711,0.572607854008675
L,CTT,0.547149170178175,0.0218381965548207,2656.0205898879,0.506184237698714,0.592018171151479
L,TTA,0.226748849517107,0.00919340432426337,2314.89389828999,0.208704474320014,0.244870227947831
L,TTG,0,0,0,0,0
N,AAC,-0.298127572622895,0.0168725532845957,4542.49384364962,-0.331650579969088,-0.265651494264603
N,AAT,0,0,0,0,0
P,CCA,-0.192521552124619,0.0208302840872659,4676.97447845916,-0.234554400791725,-0.153162633503477
P,CCC,0.300634986239672,0.0482088754338994,3385.33828496197,0.207775520284971,0.398479064057271
P,CCG,0.630459335410595,0.0758119491127342,2402.83055095388,0.486487358311812,0.78335395505031
P,CCT,0,0,0,0,0
Q,CAA,-0.403951183104515,0.0238745867685671,4571.51076313,-0.450265115996202,-0.357888749241829
Q,CAG,0,0,0,0,0
R,AGA,-0.040371723706671,0.0115106322297265,3467.63982900989,-0.0629530642802517,-0.0177316608217855
R,AGG,0.508371050840616,0.028236469563202,1606.81021871692,0.453894107540449,0.565581997235616
R,CGA,1.69121648855209,0.0968732584011776,477.150649411949,1.50642329951127,1.88645219802856
R,CGC,0.567297642791271,0.052811057849734,1770.40558015749,0.467979825039705,0.674932447075844
R,CGG,1.51979988188744,0.118866283159303,91.68412292681,1.30027068456014,1.7728270371755
R,CGT,0,0,0,0,0
S,TCA,0.381362227410078,0.0230509673156857,3500.36644628673,0.337556978563468,0.427944496522347
S,TCC,-0.0446150763120502,0.0106950026679009,3545.2809188917,-0.0662018458048503,-0.0231812189643581
S,TCG,0.558586658555269,0.0404188428840127,3553.60235463051,0.481003006050984,0.640249985456467
S,TCT,0,0,0,0,0
T,ACA,0.324845734670758,0.0215928691675238,3989.90988681802,0.283733066916466,0.367281249413888
T,ACC,-0.0830331265866756,0.0109479685069814,3426.93199205727,-0.104588284591834,-0.0619146324383716
T,ACG,0.522436333221197,0.0371871042815414,3167.89255923143,0.450796382377545,0.59504954268535
T,ACT,0,0,0,0,0
V,GTA,0.572564823293686,0.0271601677621159,3661.34948095279,0.520753315587838,0.627629895011584
V,GTC,-0.0486579395297915,0.00838287183049869,4339.24073540867,-0.0654300877203544,-0.0322267141193151
V,GTG,0.344808917599916,0.0217690544873915,3340.48613607271,0.302814875046412,0.389746317267418
V,GTT,0,0,0,0,0
Y,TAC,-0.30066232022047,0.0163126285802111,4613.05284175147,-0.333596223841111,-0.268888974686464
Y,TAT,0,0,0,0,0
Z,AGC,0.127167550955794,0.03837520155651,3871.19236499546,0.0539314341731369,0.201933270320296
Z,AGT,0,0,0,0,0
