>groupList:
A C D E F G H I K L
N P Q R S T V Y Z 
>stdDevSynthesisRate:
1.238 
>numParam:
40
>numMixtures:
1
>std_stdDevSynthesisRate:
0.1
>std_phi:
***
0.1 0.1 0.1 0.1 0.1 0.1 0.1 0.1 0.1 0.1
0.1 0.1 0.1 0.1 0.1 0.1 0.1 0.1 0.1 0.1
0.1 0.1 0.1 0.1 0.1 0.1 0.1 0.1 0.1 0.1
0.1 0.1 0.1 0.1 0.1 0.1 0.1 0.1 0.1 0.1
0.1 0.1 0.1 0.1 0.1 0.1 0.1 0.1 0.1 0.1
0.1 0.1 0.1 0.1 0.1 0.1 0.1 0.1 0.1 0.1
0.1 0.1 0.1 0.1 0.1 0.1 0.1 0.1 0.1 0.1
0.1 0.1 0.1 0.1 0.1 0.1 0.1 0.1 0.1 0.1
0.1 0.1 0.1 0.1 0.1 0.1 0.1 0.1 0.1 0.1
0.1 0.1 0.1 0.1 0.1 0.1 0.1 0.1 0.1 0.1
0.1 0.1 0.1 0.1 0.1 0.1 0.1 0.1 0.1 0.1
0.1 0.1 0.1 0.1 0.1 0.1 0.1 0.1 0.1 0.1
0.1 0.1 0.1 0.1 0.1 0.1 0.1 0.1 0.1 0.1
0.1 0.1 0.1 0.1 0.1 0.1 0.1 0.1 0.1 0.1
0.1 0.1 0.1 0.1 0.1 0.1 0.1 0.1 0.1 0.1
0.1 0.1 0.1 0.1 0.1 0.1 0.1 0.1 0.1 0.1
0.1 0.1 0.1 0.1 0.1 0.1 0.1 0.1 0.1 0.1
0.1 0.1 0.1 0.1 0.1 0.1 0.1 0.1 0.1 0.1
0.1 0.1 0.1 0.1 0.1 0.1 0.1 0.1 0.1 0.1
0.1 0.1 0.1 0.1 0.1 0.1 0.1 0.1 0.1 0.1
0.1 0.1 0.1 0.1 0.1 0.1 0.1 0.1 0.1 0.1
0.1 0.1 0.1 0.1 0.1 0.1 0.1 0.1 0.1 0.1
0.1 0.1 0.1 0.1 0.1 0.1 0.1 0.1 0.1 0.1
0.1 0.1 0.1 0.1 0.1 0.1 0.1 0.1 0.1 0.1
0.1 0.1 0.1 0.1 0.1 0.1 0.1 0.1 0.1 0.1
0.1 0.1 0.1 0.1 0.1 0.1 0.1 0.1 0.1 0.1
0.1 0.1 0.1 0.1 0.1 0.1 0.1 0.1 0.1 0.1
0.1 0.1 0.1 0.1 0.1 0.1 0.1 0.1 0.1 0.1
0.1 0.1 0.1 0.1 0.1 0.1 0.1 0.1 0.1 0.1
0.1 0.1 0.1 0.1 0.1 0.1 0.1 0.1 0.1 0.1
0.1 0.1 0.1 0.1 0.1 0.1 0.1 0.1 0.1 0.1
0.1 0.1 0.1 0.1 0.1 0.1 0.1 0.1 0.1 0.1
0.1 0.1 0.1 0.1 0.1 0.1 0.1 0.1 0.1 0.1
0.1 0.1 0.1 0.1 0.1 0.1 0.1 0.1 0.1 0.1
0.1 0.1 0.1 0.1 0.1 0.1 0.1 0.1 0.1 0.1
0.1 0.1 0.1 0.1 0.1 0.1 0.1 0.1 0.1 0.1
0.1 0.1 0.1 0.1 0.1 0.1 0.1 0.1 0.1 0.1
0.1 0.1 0.1 
>categories:
0 0
>mixtureAssignment:
0 0 0 0 0 0 0 0 0 0 0 0 0 0 0 0 0 0 0 0 0 0 0 0 0 0 0 0 0 0 0 0 0 0 0 0 0 0 0 0 0 0 0 0 0 0 0 0 0 0
0 0 0 0 0 0 0 0 0 0 0 0 0 0 0 0 0 0 0 0 0 0 0 0 0 0 0 0 0 0 0 0 0 0 0 0 0 0 0 0 0 0 0 0 0 0 0 0 0 0
0 0 0 0 0 0 0 0 0 0 0 0 0 0 0 0 0 0 0 0 0 0 0 0 0 0 0 0 0 0 0 0 0 0 0 0 0 0 0 0 0 0 0 0 0 0 0 0 0 0
0 0 0 0 0 0 0 0 0 0 0 0 0 0 0 0 0 0 0 0 0 0 0 0 0 0 0 0 0 0 0 0 0 0 0 0 0 0 0 0 0 0 0 0 0 0 0 0 0 0
0 0 0 0 0 0 0 0 0 0 0 0 0 0 0 0 0 0 0 0 0 0 0 0 0 0 0 0 0 0 0 0 0 0 0 0 0 0 0 0 0 0 0 0 0 0 0 0 0 0
0 0 0 0 0 0 0 0 0 0 0 0 0 0 0 0 0 0 0 0 0 0 0 0 0 0 0 0 0 0 0 0 0 0 0 0 0 0 0 0 0 0 0 0 0 0 0 0 0 0
0 0 0 0 0 0 0 0 0 0 0 0 0 0 0 0 0 0 0 0 0 0 0 0 0 0 0 0 0 0 0 0 0 0 0 0 0 0 0 0 0 0 0 0 0 0 0 0 0 0
0 0 0 0 0 0 0 0 0 0 0 0 0 0 0 0 0 0 0 0 0 0 0 
>numMutationCategories:
1
>numSelectionCategories:
1
>categoryProbabilities:
1 
>selectionIsInMixture:
***
0 
>mutationIsInMixture:
***
0 
>obsPhiSets:
0
>currentSynthesisRateLevel:
***
2.0554 0.0805135 4.58293 0.341635 2.57141 0.723517 1.0114 0.116843 1.46651 6.15615
1.26439 1.28245 2.10567 1.69335 0.672078 8.18589 0.370679 2.76335 0.39264 0.461963
11.4288 3.50483 1.00467 1.26588 0.365003 11.0797 0.262976 0.835319 1.3737 1.75479
2.04656 0.249247 2.49388 0.47984 0.421088 0.560201 1.08733 0.334961 1.64435 0.291145
0.217891 1.0271 2.79552 0.995796 2.68203 0.906959 1.0889 0.842863 4.1835 0.431698
7.46856 4.23674 0.434831 1.77939 0.806985 0.108803 1.17453 1.31999 0.0949556 0.834349
0.238729 0.342248 0.683706 0.670435 0.573425 9.90534 1.7294 2.31629 0.609938 0.130302
0.657128 4.98377 0.176305 0.82923 0.448078 2.44538 10.8716 1.25285 1.05147 2.8494
0.256733 1.29696 0.248349 0.467649 2.86137 0.207086 1.94776 0.828065 0.298307 11.3688
1.61695 2.20942 1.45742 0.422456 0.968473 0.178297 0.80248 0.294169 0.479653 1.88306
0.381561 1.24266 0.151314 0.544466 1.41732 0.206077 2.76024 1.40451 0.670173 4.2956
6.10848 0.183407 0.216671 0.805071 0.662577 0.885413 2.84988 1.37945 0.445575 1.44101
0.261789 0.562304 1.45192 0.476443 1.09828 1.62902 1.57956 2.57202 0.751198 0.205656
1.09233 0.571007 0.60707 1.13895 0.378622 0.274645 1.34094 1.03149 0.603671 15.7845
0.670055 0.923493 0.699497 1.90956 0.822239 9.87322 8.24896 1.00934 0.677008 0.711406
1.03785 0.116749 1.82103 0.487982 0.275192 1.0079 0.433506 0.837823 0.384478 0.576857
0.510831 0.249293 0.166427 0.510021 8.07389 2.70924 0.850383 1.39086 0.314087 1.7212
1.34644 8.77613 0.715994 0.615464 0.753446 0.735353 0.157646 0.174234 0.553425 0.412968
0.463414 1.08595 8.2157 0.308868 0.508051 0.323945 0.136692 1.00427 1.35945 0.858758
14.6265 2.52825 0.224974 0.970313 0.214367 0.619466 3.70938 4.14016 7.80405 1.43314
1.46338 0.7496 0.219281 3.16598 0.198763 0.451439 0.489147 0.338328 1.24504 1.68513
0.896717 0.267433 0.56359 0.413245 2.89411 0.72307 0.43936 0.744321 8.24446 0.627281
0.546666 0.506642 4.70221 0.210158 0.210515 3.38736 0.199078 0.128295 9.61126 0.267644
0.215772 0.652749 3.45777 0.426409 0.215552 1.01418 0.387797 8.84163 1.83802 1.04381
0.315534 6.0196 2.62083 7.80863 0.206861 0.191846 6.80728 0.257503 1.39554 0.875464
2.06774 0.685459 8.11798 0.485731 0.28204 2.10329 0.393924 0.778072 1.55511 1.37454
0.143891 1.04055 2.16857 0.283072 9.26464 3.57837 2.53737 0.502904 1.5493 0.288678
7.76369 2.9656 0.281425 0.187865 1.01507 2.39736 7.0168 0.153744 1.60468 0.35707
2.21623 0.273706 0.258562 9.31998 0.274494 0.909154 1.03351 4.66688 0.950643 0.158047
0.672909 1.60097 2.15103 0.307184 0.257064 2.86504 1.2965 1.05052 2.80539 1.92194
0.293543 1.36113 0.398454 3.42497 9.62122 9.9739 1.17937 0.910513 1.99016 0.67351
1.10637 0.813226 0.190218 0.276298 0.200581 11.1411 0.145386 0.645954 1.78194 1.45813
10.0236 1.96676 0.616338 1.72996 1.05498 0.30695 2.08726 0.248411 1.6564 1.37686
7.41634 0.267 1.11906 1.38829 0.903102 7.34643 1.89005 0.828748 0.316504 2.43662
1.33357 0.154159 4.82767 1.26963 3.78043 0.361277 0.447109 3.18109 0.185026 1.9005
0.143359 8.5473 1.00458 4.82965 0.348288 0.171355 1.48172 11.1545 3.17283 0.124955
0.338177 1.70683 0.434425 4.8204 11.1404 1.53053 1.59624 2.02408 2.10192 1.87883
0.235313 1.89961 0.552099 
>noiseOffset:
>observedSynthesisNoise:
>std_NoiseOffset:
>mutation_prior_mean:
***
0 0 0 0 0 0 0 0 0 0
0 0 0 0 0 0 0 0 0 0
0 0 0 0 0 0 0 0 0 0
0 0 0 0 0 0 0 0 0 0
>mutation_prior_sd:
***
0.35 0.35 0.35 0.35 0.35 0.35 0.35 0.35 0.35 0.35
0.35 0.35 0.35 0.35 0.35 0.35 0.35 0.35 0.35 0.35
0.35 0.35 0.35 0.35 0.35 0.35 0.35 0.35 0.35 0.35
0.35 0.35 0.35 0.35 0.35 0.35 0.35 0.35 0.35 0.35
>std_csp:
1.06529e+35 1.06529e+35 1.06529e+35 1.51791e+78 1.51791e+78 1.51791e+78 1.51791e+78 1.52453e+43 1.52453e+43 1.52453e+43
1.51791e+78 6.39454e+75 6.39454e+75 1.51791e+78 54.4361 54.4361 54.4361 54.4361 54.4361 1.51791e+78
5.68034e+22 5.68034e+22 5.68034e+22 1.51791e+78 0.0022456 0.0022456 0.0022456 0.0022456 0.0022456 1.24471e+40
1.24471e+40 1.24471e+40 2.36346e+36 2.36346e+36 2.36346e+36 1.70986e+42 1.70986e+42 1.70986e+42 1.51791e+78 1.51791e+78
>currentMutationParameter:
***
-0.207407 0.441056 0.645644 0.250758 0.722535 -0.661767 0.605098 0.0345033 0.408419 0.715699
0.738052 0.0243036 0.666805 -0.570756 0.450956 1.05956 0.549069 0.409834 -0.196043 0.614633
-0.0635834 0.497277 0.582122 -0.511362 -1.19632 -0.771466 -0.160406 0.476347 0.403494 -0.0784245
0.522261 0.646223 -0.176795 0.540641 0.501026 0.132361 0.717795 0.387088 0.504953 0.368376
>currentSelectionParameter:
***
0.430038 0.0407337 0.659935 0.074155 -0.213967 -0.255795 -0.291141 0.910179 0.402112 0.769712
-0.355087 0.790676 -0.0589489 0.359456 0.388334 1.29102 0.573787 0.600329 0.286764 -0.245756
-0.104583 0.357353 1.71403 -0.3957 -0.027647 0.523836 1.23293 0.694696 2.07906 0.434433
-0.0366346 0.238581 0.390055 -0.0262588 0.513549 0.713344 -0.036984 0.418204 -0.346435 0.351464
>covarianceMatrix:
A
6.92665e-148	0	0	0	0	0	
0	6.92665e-148	0	0	0	0	
0	0	6.92665e-148	0	0	0	
0	0	0	0.00820428	0.000230274	0.00182243	
0	0	0	0.000230274	0.00132151	0.000170903	
0	0	0	0.00182243	0.000170903	0.0274417	
***
>covarianceMatrix:
C
5.37572e-146	0	
0	0.00811507	
***
>covarianceMatrix:
D
5.37572e-146	0	
0	0.00239193	
***
>covarianceMatrix:
E
5.37572e-146	0	
0	0.00994198	
***
>covarianceMatrix:
F
5.37572e-146	0	
0	0.00180001	
***
>covarianceMatrix:
G
1.75764e-155	0	0	0	0	0	
0	1.75764e-155	0	0	0	0	
0	0	1.75764e-155	0	0	0	
0	0	0	0.0167891	0.00325941	0.00439542	
0	0	0	0.00325941	0.00863992	0.00468321	
0	0	0	0.00439542	0.00468321	0.0217	
***
>covarianceMatrix:
H
5.37572e-146	0	
0	0.00385142	
***
>covarianceMatrix:
I
2.26464e-148	0	0	0	
0	2.26464e-148	0	0	
0	0	0.0124	0.000174898	
0	0	0.000174898	0.000751023	
***
>covarianceMatrix:
K
5.37572e-146	0	
0	0.00197275	
***
>covarianceMatrix:
L
7.82505e-56	0	0	0	0	0	0	0	0	0	
0	7.82505e-56	0	0	0	0	0	0	0	0	
0	0	7.82505e-56	0	0	0	0	0	0	0	
0	0	0	7.82505e-56	0	0	0	0	0	0	
0	0	0	0	7.82505e-56	0	0	0	0	0	
0	0	0	0	0	0.00234249	0.00104787	-9.64665e-05	0.000250195	-2.41593e-06	
0	0	0	0	0	0.00104787	0.0475669	0.00153719	0.000800633	0.00110115	
0	0	0	0	0	-9.64665e-05	0.00153719	0.00607116	-0.000132586	0.000501395	
0	0	0	0	0	0.000250195	0.000800633	-0.000132586	0.0075589	0.000650614	
0	0	0	0	0	-2.41593e-06	0.00110115	0.000501395	0.000650614	0.00142791	
***
>covarianceMatrix:
N
5.37572e-146	0	
0	0.00308511	
***
>covarianceMatrix:
P
2.46015e-121	0	0	0	0	0	
0	2.46015e-121	0	0	0	0	
0	0	2.46015e-121	0	0	0	
0	0	0	0.00493424	0.00446758	0.000305449	
0	0	0	0.00446758	0.0286929	0.00208071	
0	0	0	0.000305449	0.00208071	0.149689	
***
>covarianceMatrix:
Q
5.37572e-146	0	
0	0.0152191	
***
>covarianceMatrix:
R
3.32951e-68	0	0	0	0	0	0	0	0	0	
0	3.32951e-68	0	0	0	0	0	0	0	0	
0	0	3.32951e-68	0	0	0	0	0	0	0	
0	0	0	3.32951e-68	0	0	0	0	0	0	
0	0	0	0	3.32951e-68	0	0	0	0	0	
0	0	0	0	0	0.001278	0.00133471	0.00209724	0.00092359	0.000273931	
0	0	0	0	0	0.00133471	0.00986359	-0.00870622	0.00362691	0.00705424	
0	0	0	0	0	0.00209724	-0.00870622	0.0579319	-0.0196536	-0.0118496	
0	0	0	0	0	0.00092359	0.00362691	-0.0196536	0.0278408	-0.012454	
0	0	0	0	0	0.000273931	0.00705424	-0.0118496	-0.012454	0.0903888	
***
>covarianceMatrix:
S
3.92498e-154	0	0	0	0	0	
0	3.92498e-154	0	0	0	0	
0	0	3.92498e-154	0	0	0	
0	0	0	0.011448	0.000256618	0.00467232	
0	0	0	0.000256618	0.00112112	0.00127067	
0	0	0	0.00467232	0.00127067	0.0175853	
***
>covarianceMatrix:
T
1.56074e-150	0	0	0	0	0	
0	1.56074e-150	0	0	0	0	
0	0	1.56074e-150	0	0	0	
0	0	0	0.00529276	0.000334482	0.00184087	
0	0	0	0.000334482	0.000772687	0.000428396	
0	0	0	0.00184087	0.000428396	0.0150717	
***
>covarianceMatrix:
V
9.19736e-158	0	0	0	0	0	
0	9.19736e-158	0	0	0	0	
0	0	9.19736e-158	0	0	0	
0	0	0	0.00460083	0.000121636	0.000205026	
0	0	0	0.000121636	0.000308127	5.11698e-05	
0	0	0	0.000205026	5.11698e-05	0.00237267	
***
>covarianceMatrix:
Y
5.37572e-146	0	
0	0.00259666	
***
>covarianceMatrix:
Z
5.37572e-146	0	
0	0.0652711	
***
