>groupList:
A C D E F G H I K L
N P Q R S T V Y Z 
>stdDevSynthesisRate:
1.238 
>numParam:
40
>numMixtures:
1
>std_stdDevSynthesisRate:
0.1
>std_phi:
***
0.1 0.1 0.1 0.1 0.1 0.1 0.1 0.1 0.1 0.1
0.1 0.1 0.1 0.1 0.1 0.1 0.1 0.1 0.1 0.1
0.1 0.1 0.1 0.1 0.1 0.1 0.1 0.1 0.1 0.1
0.1 0.1 0.1 0.1 0.1 0.1 0.1 0.1 0.1 0.1
0.1 0.1 0.1 0.1 0.1 0.1 0.1 0.1 0.1 0.1
0.1 0.1 0.1 0.1 0.1 0.1 0.1 0.1 0.1 0.1
0.1 0.1 0.1 0.1 0.1 0.1 0.1 0.1 0.1 0.1
0.1 0.1 0.1 0.1 0.1 0.1 0.1 0.1 0.1 0.1
0.1 0.1 0.1 0.1 0.1 0.1 0.1 0.1 0.1 0.1
0.1 0.1 0.1 0.1 0.1 0.1 0.1 0.1 0.1 0.1
0.1 0.1 0.1 0.1 0.1 0.1 0.1 0.1 0.1 0.1
0.1 0.1 0.1 0.1 0.1 0.1 0.1 0.1 0.1 0.1
0.1 0.1 0.1 0.1 0.1 0.1 0.1 0.1 0.1 0.1
0.1 0.1 0.1 0.1 0.1 0.1 0.1 0.1 0.1 0.1
0.1 0.1 0.1 0.1 0.1 0.1 0.1 0.1 0.1 0.1
0.1 0.1 0.1 0.1 0.1 0.1 0.1 0.1 0.1 0.1
0.1 0.1 0.1 0.1 0.1 0.1 0.1 0.1 0.1 0.1
0.1 0.1 0.1 0.1 0.1 0.1 0.1 0.1 0.1 0.1
0.1 0.1 0.1 0.1 0.1 0.1 0.1 0.1 0.1 0.1
0.1 0.1 0.1 0.1 0.1 0.1 0.1 0.1 0.1 0.1
0.1 0.1 0.1 0.1 0.1 0.1 0.1 0.1 0.1 0.1
0.1 0.1 0.1 0.1 0.1 0.1 0.1 0.1 0.1 0.1
0.1 0.1 0.1 0.1 0.1 0.1 0.1 0.1 0.1 0.1
0.1 0.1 0.1 0.1 0.1 0.1 0.1 0.1 0.1 0.1
0.1 0.1 0.1 0.1 0.1 0.1 0.1 0.1 0.1 0.1
0.1 0.1 0.1 0.1 0.1 0.1 0.1 0.1 0.1 0.1
0.1 0.1 0.1 0.1 0.1 0.1 0.1 0.1 0.1 0.1
0.1 0.1 0.1 0.1 0.1 0.1 0.1 0.1 0.1 0.1
0.1 0.1 0.1 0.1 0.1 0.1 0.1 0.1 0.1 0.1
0.1 0.1 0.1 0.1 0.1 0.1 0.1 0.1 0.1 0.1
0.1 0.1 0.1 0.1 0.1 0.1 0.1 0.1 0.1 0.1
0.1 0.1 0.1 0.1 0.1 0.1 0.1 0.1 0.1 0.1
0.1 0.1 0.1 0.1 0.1 0.1 0.1 0.1 0.1 0.1
0.1 0.1 0.1 0.1 0.1 0.1 0.1 0.1 0.1 0.1
0.1 0.1 0.1 0.1 0.1 0.1 0.1 0.1 0.1 0.1
0.1 0.1 0.1 0.1 0.1 0.1 0.1 0.1 0.1 0.1
0.1 0.1 0.1 0.1 0.1 0.1 0.1 0.1 0.1 0.1
0.1 0.1 0.1 0.1 0.1 0.1 0.1 0.1 0.1 0.1
0.1 0.1 0.1 0.1 0.1 0.1 0.1 0.1 0.1 0.1
0.1 0.1 0.1 0.1 0.1 0.1 0.1 0.1 0.1 0.1
0.1 0.1 0.1 0.1 0.1 0.1 0.1 0.1 0.1 0.1
0.1 0.1 0.1 0.1 0.1 0.1 0.1 0.1 0.1 0.1
0.1 0.1 0.1 0.1 0.1 0.1 0.1 0.1 0.1 0.1
0.1 0.1 0.1 0.1 0.1 0.1 0.1 0.1 0.1 0.1
0.1 0.1 0.1 0.1 0.1 0.1 0.1 0.1 0.1 0.1
0.1 0.1 0.1 0.1 0.1 0.1 0.1 0.1 0.1 0.1
0.1 0.1 0.1 0.1 0.1 0.1 0.1 0.1 0.1 0.1
0.1 0.1 0.1 0.1 0.1 0.1 0.1 0.1 0.1 0.1
0.1 0.1 0.1 0.1 0.1 0.1 0.1 0.1 0.1 0.1
0.1 0.1 0.1 0.1 0.1 0.1 0.1 0.1 0.1 0.1
0.1 
>categories:
0 0
>mixtureAssignment:
0 0 0 0 0 0 0 0 0 0 0 0 0 0 0 0 0 0 0 0 0 0 0 0 0 0 0 0 0 0 0 0 0 0 0 0 0 0 0 0 0 0 0 0 0 0 0 0 0 0
0 0 0 0 0 0 0 0 0 0 0 0 0 0 0 0 0 0 0 0 0 0 0 0 0 0 0 0 0 0 0 0 0 0 0 0 0 0 0 0 0 0 0 0 0 0 0 0 0 0
0 0 0 0 0 0 0 0 0 0 0 0 0 0 0 0 0 0 0 0 0 0 0 0 0 0 0 0 0 0 0 0 0 0 0 0 0 0 0 0 0 0 0 0 0 0 0 0 0 0
0 0 0 0 0 0 0 0 0 0 0 0 0 0 0 0 0 0 0 0 0 0 0 0 0 0 0 0 0 0 0 0 0 0 0 0 0 0 0 0 0 0 0 0 0 0 0 0 0 0
0 0 0 0 0 0 0 0 0 0 0 0 0 0 0 0 0 0 0 0 0 0 0 0 0 0 0 0 0 0 0 0 0 0 0 0 0 0 0 0 0 0 0 0 0 0 0 0 0 0
0 0 0 0 0 0 0 0 0 0 0 0 0 0 0 0 0 0 0 0 0 0 0 0 0 0 0 0 0 0 0 0 0 0 0 0 0 0 0 0 0 0 0 0 0 0 0 0 0 0
0 0 0 0 0 0 0 0 0 0 0 0 0 0 0 0 0 0 0 0 0 0 0 0 0 0 0 0 0 0 0 0 0 0 0 0 0 0 0 0 0 0 0 0 0 0 0 0 0 0
0 0 0 0 0 0 0 0 0 0 0 0 0 0 0 0 0 0 0 0 0 0 0 0 0 0 0 0 0 0 0 0 0 0 0 0 0 0 0 0 0 0 0 0 0 0 0 0 0 0
0 0 0 0 0 0 0 0 0 0 0 0 0 0 0 0 0 0 0 0 0 0 0 0 0 0 0 0 0 0 0 0 0 0 0 0 0 0 0 0 0 0 0 0 0 0 0 0 0 0
0 0 0 0 0 0 0 0 0 0 0 0 0 0 0 0 0 0 0 0 0 0 0 0 0 0 0 0 0 0 0 0 0 0 0 0 0 0 0 0 0 0 0 0 0 0 0 0 0 0
0 
>numMutationCategories:
1
>numSelectionCategories:
1
>categoryProbabilities:
1 
>selectionIsInMixture:
***
0 
>mutationIsInMixture:
***
0 
>obsPhiSets:
0
>currentSynthesisRateLevel:
***
2.0554 2.01218 0.144042 0.0805135 1.71206 4.58293 0.723041 8.62154 0.341635 2.57141
0.886986 0.723517 1.0114 0.633312 0.253862 0.116843 1.46651 6.15615 1.26439 1.28245
2.10567 1.69335 2.7152 0.672078 8.18589 0.370679 2.76335 0.39264 0.461963 0.237547
11.4288 3.50483 0.130642 1.00467 1.26588 0.365003 11.0797 0.991831 0.262976 0.150402
0.835319 4.77829 1.3737 0.279028 1.75479 0.448076 2.04656 0.249247 2.49388 0.47984
0.421088 3.62364 0.560201 0.493067 5.32052 1.08733 0.334961 1.74198 1.64435 3.65697
0.291145 0.217891 1.0271 2.79552 9.3305 0.995796 2.68203 0.906959 1.0889 4.15137
0.842863 4.1835 0.431698 7.46856 3.14037 4.23674 0.434831 1.77939 5.63077 0.806985
0.108803 1.17453 1.31999 1.25833 0.908871 0.18598 0.0949556 0.834349 0.238729 0.342248
0.683706 0.670435 2.69497 0.573425 9.90534 1.7294 2.31629 0.609938 0.130302 0.657128
0.236379 2.06516 4.98377 0.176305 0.82923 0.448078 2.44538 10.8716 1.25285 1.18227
1.05147 2.8494 0.256733 1.29696 0.248349 0.467649 2.86137 0.207086 0.952764 0.627379
1.94776 2.3627 0.828065 0.298307 11.3688 1.07561 1.0532 7.83432 1.61695 2.20942
1.45742 0.422456 0.968473 0.178297 0.80248 4.43534 0.294169 0.479653 5.56481 1.26
1.88306 0.381561 1.40755 1.24266 0.151314 0.544466 1.41732 0.206077 2.76024 1.40451
0.670173 4.2956 6.10848 0.183407 0.216671 0.805071 0.662577 0.885413 2.84988 8.68323
1.37945 0.445575 8.97598 1.44101 0.755599 0.261789 0.562304 1.45192 0.476443 1.09828
1.62902 1.57956 2.57202 0.751198 1.05211 0.205656 1.09233 0.235276 0.571007 8.41835
0.60707 1.13895 0.378622 0.274645 1.34094 1.03149 0.603671 0.250383 0.642526 15.7845
0.670055 0.923493 0.592877 0.699497 1.90956 0.822239 1.97341 9.87322 1.91123 8.24896
1.00934 0.677008 0.711406 1.03785 0.116749 1.82103 1.60023 0.487982 0.275192 1.0079
0.433506 0.837823 0.384478 0.200021 0.576857 0.510831 6.23155 0.249293 0.166427 0.329583
0.510021 8.07389 2.70924 0.850383 1.05329 1.39086 0.314087 1.7212 0.999777 1.34644
8.77613 0.715994 2.76538 0.615464 0.753446 0.735353 0.157646 0.174234 0.488207 0.735276
0.553425 1.52331 0.412968 6.64996 0.463414 1.08595 0.894254 8.2157 0.15838 0.308868
0.508051 1.32281 0.323945 0.136692 1.00427 2.74683 1.41629 1.35945 1.40975 0.858758
0.870283 2.91857 14.6265 2.52825 0.805476 0.224974 0.313529 0.970313 0.214367 1.46154
0.619466 0.2287 3.61609 3.70938 4.14016 7.80405 5.31728 1.43314 1.46338 0.7496
0.219281 3.16598 9.36038 0.198763 0.451439 0.489147 0.338328 1.24504 0.27706 1.68513
0.896717 1.71804 0.267433 0.56359 0.413245 2.89411 0.72307 0.43936 0.744321 8.24446
0.627281 0.546666 0.506642 0.268595 0.18084 4.70221 0.210158 0.210515 3.38736 0.199078
0.128295 0.284565 9.61126 0.267644 0.215772 0.652749 3.45777 0.426409 1.21521 0.215552
1.01418 0.234264 2.00096 0.387797 0.390754 8.84163 0.940851 1.83802 1.04381 0.315534
6.0196 3.03008 2.62083 7.80863 0.377579 6.3655 0.321659 0.206861 0.27127 0.928732
0.191846 6.80728 0.257503 0.250276 1.39554 0.875464 2.06774 0.685459 2.29842 0.79607
0.305065 8.11798 0.485731 0.28204 7.8244 2.10329 0.393924 0.345151 0.778072 1.58606
1.55511 1.37454 0.143891 1.04055 2.16857 0.283072 9.26464 3.57837 6.55668 2.53737
0.907844 0.502904 1.5493 0.288678 7.76369 2.9656 0.16718 0.281425 0.187865 0.403059
1.01507 2.39736 5.18397 0.168741 7.0168 0.153744 1.60468 0.35707 2.21623 0.273706
0.258562 1.00055 9.31998 0.274494 0.909154 1.03351 4.66688 0.68913 0.950643 0.158047
8.94511 0.672909 1.80981 1.60097 2.15103 0.307184 0.257064 2.86504 1.2965 1.05052
2.80539 1.92194 0.293543 1.36113 0.398454 0.360868 3.42497 7.88955 9.62122 9.9739
1.17937 0.910513 1.99016 0.67351 1.10637 0.813226 0.190218 0.276298 0.200581 11.1411
0.145386 0.645954 1.78194 8.31265 1.45813 3.71508 10.0236 1.96676 0.616338 1.72996
1.05498 0.30695 2.08726 0.248411 0.99442 0.210441 1.6564 1.37686 7.41634 0.267
1.11906 1.38829 0.903102 0.278192 7.34643 0.317167 1.89005 2.02529 0.828748 2.2566
0.316504 2.43662 1.33357 0.154159 4.82767 1.26963 3.78043 0.361277 0.447109 3.18109
0.120894 0.185026 1.9005 0.143359 8.5473 1.00458 4.82965 0.348288 0.171355 1.48172
11.1545 0.282088 0.681894 3.17283 0.35144 0.124955 0.338177 1.70683 0.434425 4.8204
0.749275 11.1404 1.53053 1.59624 0.555914 2.02408 2.10192 1.87883 0.235313 1.89961
0.552099 
>noiseOffset:
>observedSynthesisNoise:
>std_NoiseOffset:
>mutation_prior_mean:
***
0 0 0 0 0 0 0 0 0 0
0 0 0 0 0 0 0 0 0 0
0 0 0 0 0 0 0 0 0 0
0 0 0 0 0 0 0 0 0 0
>mutation_prior_sd:
***
0.35 0.35 0.35 0.35 0.35 0.35 0.35 0.35 0.35 0.35
0.35 0.35 0.35 0.35 0.35 0.35 0.35 0.35 0.35 0.35
0.35 0.35 0.35 0.35 0.35 0.35 0.35 0.35 0.35 0.35
0.35 0.35 0.35 0.35 0.35 0.35 0.35 0.35 0.35 0.35
>std_csp:
1.67522e+39 1.67522e+39 1.67522e+39 1.51791e+78 1.51791e+78 1.51791e+78 1.51791e+78 3.09722e+40 3.09722e+40 3.09722e+40
1.51791e+78 3.70057e+75 3.70057e+75 1.51791e+78 6.35974 6.35974 6.35974 6.35974 6.35974 1.51791e+78
8.3488e+25 8.3488e+25 8.3488e+25 1.51791e+78 0.00275408 0.00275408 0.00275408 0.00275408 0.00275408 3.47375e+39
3.47375e+39 3.47375e+39 9.06091e+37 9.06091e+37 9.06091e+37 8.8225e+42 8.8225e+42 8.8225e+42 1.51791e+78 1.51791e+78
>currentMutationParameter:
***
-0.207407 0.441056 0.645644 0.250758 0.722535 -0.661767 0.605098 0.0345033 0.408419 0.715699
0.738052 0.0243036 0.666805 -0.570756 0.450956 1.05956 0.549069 0.409834 -0.196043 0.614633
-0.0635834 0.497277 0.582122 -0.511362 -1.19632 -0.771466 -0.160406 0.476347 0.403494 -0.0784245
0.522261 0.646223 -0.176795 0.540641 0.501026 0.132361 0.717795 0.387088 0.504953 0.368376
>currentSelectionParameter:
***
0.522129 0.023636 0.640607 0.132799 -0.138522 -0.438833 -0.327223 1.15094 0.567932 0.903668
-0.268541 0.829652 -0.104991 0.281312 0.325215 1.52215 0.744715 0.550206 0.24184 -0.333359
-0.244067 0.0723363 0.886459 -0.561473 -0.0819844 0.589823 1.47803 0.618615 1.67008 0.406403
-0.0781597 0.300925 0.594717 -0.0949069 0.57343 0.556243 -0.0466772 0.319864 -0.280132 0.562958
>covarianceMatrix:
A
6.84618e-156	0	0	0	0	0	
0	6.84618e-156	0	0	0	0	
0	0	6.84618e-156	0	0	0	
0	0	0	0.00453212	0.000281563	0.00113781	
0	0	0	0.000281563	0.000786415	0.000531579	
0	0	0	0.00113781	0.000531579	0.0175394	
***
>covarianceMatrix:
C
5.37572e-146	0	
0	0.00809328	
***
>covarianceMatrix:
D
5.37572e-146	0	
0	0.00159772	
***
>covarianceMatrix:
E
5.37572e-146	0	
0	0.00701884	
***
>covarianceMatrix:
F
5.37572e-146	0	
0	0.00177319	
***
>covarianceMatrix:
G
2.09333e-152	0	0	0	0	0	
0	2.09333e-152	0	0	0	0	
0	0	2.09333e-152	0	0	0	
0	0	0	0.0177849	0.00215283	0.000526273	
0	0	0	0.00215283	0.00546543	-0.000262296	
0	0	0	0.000526273	-0.000262296	0.0101958	
***
>covarianceMatrix:
H
5.37572e-146	0	
0	0.0037174	
***
>covarianceMatrix:
I
2.18426e-148	0	0	0	
0	2.18426e-148	0	0	
0	0	0.00726842	-1.76738e-05	
0	0	-1.76738e-05	0.000602105	
***
>covarianceMatrix:
K
5.37572e-146	0	
0	0.00149388	
***
>covarianceMatrix:
L
2.63963e-66	0	0	0	0	0	0	0	0	0	
0	2.63963e-66	0	0	0	0	0	0	0	0	
0	0	2.63963e-66	0	0	0	0	0	0	0	
0	0	0	2.63963e-66	0	0	0	0	0	0	
0	0	0	0	2.63963e-66	0	0	0	0	0	
0	0	0	0	0	0.0021442	0.00130631	0.00116281	0.000672769	0.00017647	
0	0	0	0	0	0.00130631	0.0196699	-0.000562168	0.000418786	0.000167908	
0	0	0	0	0	0.00116281	-0.000562168	0.00465024	0.000630387	0.000765793	
0	0	0	0	0	0.000672769	0.000418786	0.000630387	0.00287402	0.000130989	
0	0	0	0	0	0.00017647	0.000167908	0.000765793	0.000130989	0.00102251	
***
>covarianceMatrix:
N
5.37572e-146	0	
0	0.00314499	
***
>covarianceMatrix:
P
1.38487e-134	0	0	0	0	0	
0	1.38487e-134	0	0	0	0	
0	0	1.38487e-134	0	0	0	
0	0	0	0.00393698	0.00373452	0.00476909	
0	0	0	0.00373452	0.0180296	0.00518858	
0	0	0	0.00476909	0.00518858	0.0684099	
***
>covarianceMatrix:
Q
5.37572e-146	0	
0	0.0140918	
***
>covarianceMatrix:
R
1.42522e-60	0	0	0	0	0	0	0	0	0	
0	1.42522e-60	0	0	0	0	0	0	0	0	
0	0	1.42522e-60	0	0	0	0	0	0	0	
0	0	0	1.42522e-60	0	0	0	0	0	0	
0	0	0	0	1.42522e-60	0	0	0	0	0	
0	0	0	0	0	0.0015933	0.00101905	-0.000664842	0.00122216	0.000105714	
0	0	0	0	0	0.00101905	0.00578889	-0.00689287	-0.00339313	-0.00254812	
0	0	0	0	0	-0.000664842	-0.00689287	0.116024	-0.00281874	-0.011676	
0	0	0	0	0	0.00122216	-0.00339313	-0.00281874	0.0209118	-0.0011998	
0	0	0	0	0	0.000105714	-0.00254812	-0.011676	-0.0011998	0.0554787	
***
>covarianceMatrix:
S
3.04276e-154	0	0	0	0	0	
0	3.04276e-154	0	0	0	0	
0	0	3.04276e-154	0	0	0	
0	0	0	0.00650128	0.000444508	0.00121965	
0	0	0	0.000444508	0.00082214	0.000147776	
0	0	0	0.00121965	0.000147776	0.00621904	
***
>covarianceMatrix:
T
3.64609e-153	0	0	0	0	0	
0	3.64609e-153	0	0	0	0	
0	0	3.64609e-153	0	0	0	
0	0	0	0.00299566	0.000315357	0.000835101	
0	0	0	0.000315357	0.000482844	0.000311844	
0	0	0	0.000835101	0.000311844	0.00926407	
***
>covarianceMatrix:
V
3.69022e-158	0	0	0	0	0	
0	3.69022e-158	0	0	0	0	
0	0	3.69022e-158	0	0	0	
0	0	0	0.0031219	2.7985e-06	0.000154759	
0	0	0	2.7985e-06	0.000197441	-0.00010336	
0	0	0	0.000154759	-0.00010336	0.00190666	
***
>covarianceMatrix:
Y
5.37572e-146	0	
0	0.00225372	
***
>covarianceMatrix:
Z
5.37572e-146	0	
0	0.0349591	
***
