>groupList:
A C D E F G H I K L
N P Q R S T V Y Z 
>stdDevSynthesisRate:
1.238 
>numParam:
40
>numMixtures:
1
>std_stdDevSynthesisRate:
0.1
>std_phi:
***
0.1 0.1 0.1 0.1 0.1 0.1 0.1 0.1 0.1 0.1
0.1 0.1 0.1 0.1 0.1 0.1 0.1 0.1 0.1 0.1
0.1 0.1 0.1 0.1 0.1 0.1 0.1 0.1 0.1 0.1
0.1 0.1 0.1 0.1 0.1 0.1 0.1 0.1 0.1 0.1
0.1 0.1 0.1 0.1 0.1 0.1 0.1 0.1 0.1 0.1
0.1 0.1 0.1 0.1 0.1 0.1 0.1 0.1 0.1 0.1
0.1 0.1 0.1 0.1 0.1 0.1 0.1 0.1 0.1 0.1
0.1 0.1 0.1 0.1 0.1 0.1 0.1 0.1 0.1 0.1
0.1 0.1 0.1 0.1 0.1 0.1 0.1 0.1 0.1 0.1
0.1 0.1 0.1 0.1 0.1 0.1 0.1 0.1 0.1 0.1
0.1 0.1 0.1 0.1 0.1 0.1 0.1 0.1 0.1 0.1
0.1 0.1 0.1 0.1 0.1 0.1 0.1 0.1 0.1 0.1
0.1 0.1 0.1 0.1 0.1 0.1 0.1 0.1 0.1 0.1
0.1 0.1 0.1 0.1 0.1 0.1 0.1 0.1 0.1 0.1
0.1 0.1 0.1 0.1 0.1 0.1 0.1 0.1 0.1 0.1
0.1 0.1 0.1 0.1 0.1 0.1 0.1 0.1 0.1 0.1
0.1 0.1 0.1 0.1 0.1 0.1 0.1 0.1 0.1 0.1
0.1 0.1 0.1 0.1 0.1 0.1 0.1 0.1 0.1 0.1
0.1 0.1 0.1 0.1 0.1 0.1 0.1 0.1 0.1 0.1
0.1 0.1 0.1 0.1 0.1 0.1 0.1 0.1 0.1 0.1
0.1 0.1 0.1 0.1 0.1 0.1 0.1 0.1 0.1 0.1
0.1 0.1 0.1 0.1 0.1 0.1 0.1 0.1 0.1 0.1
0.1 0.1 0.1 0.1 0.1 0.1 0.1 0.1 0.1 0.1
0.1 0.1 0.1 0.1 0.1 0.1 0.1 0.1 0.1 0.1
0.1 0.1 0.1 0.1 0.1 0.1 0.1 0.1 0.1 0.1
0.1 0.1 0.1 0.1 
>categories:
0 0
>mixtureAssignment:
0 0 0 0 0 0 0 0 0 0 0 0 0 0 0 0 0 0 0 0 0 0 0 0 0 0 0 0 0 0 0 0 0 0 0 0 0 0 0 0 0 0 0 0 0 0 0 0 0 0
0 0 0 0 0 0 0 0 0 0 0 0 0 0 0 0 0 0 0 0 0 0 0 0 0 0 0 0 0 0 0 0 0 0 0 0 0 0 0 0 0 0 0 0 0 0 0 0 0 0
0 0 0 0 0 0 0 0 0 0 0 0 0 0 0 0 0 0 0 0 0 0 0 0 0 0 0 0 0 0 0 0 0 0 0 0 0 0 0 0 0 0 0 0 0 0 0 0 0 0
0 0 0 0 0 0 0 0 0 0 0 0 0 0 0 0 0 0 0 0 0 0 0 0 0 0 0 0 0 0 0 0 0 0 0 0 0 0 0 0 0 0 0 0 0 0 0 0 0 0
0 0 0 0 0 0 0 0 0 0 0 0 0 0 0 0 0 0 0 0 0 0 0 0 0 0 0 0 0 0 0 0 0 0 0 0 0 0 0 0 0 0 0 0 0 0 0 0 0 0
0 0 0 0 
>numMutationCategories:
1
>numSelectionCategories:
1
>categoryProbabilities:
1 
>selectionIsInMixture:
***
0 
>mutationIsInMixture:
***
0 
>obsPhiSets:
0
>currentSynthesisRateLevel:
***
0.662577 0.970313 0.828748 15.7845 0.207086 1.89961 1.55511 0.210158 0.315534 1.35945
1.31999 0.267 0.274494 1.0079 0.275192 1.01418 1.26963 0.210515 1.83802 0.378622
0.413245 1.10637 9.61126 4.23674 0.672078 1.04055 7.41634 0.342248 8.18589 3.78043
0.434831 0.136692 1.00934 0.506642 2.76335 0.199078 0.552099 1.6564 0.657128 1.70683
11.1411 2.86137 0.235313 0.257064 6.80728 1.0114 0.476443 0.258562 0.619466 0.834349
0.412968 0.214367 0.274645 0.361277 9.9739 0.80248 0.906959 2.68203 1.3737 1.69335
4.70221 0.677008 2.52825 0.219281 2.06774 0.206861 1.28245 0.323945 0.652749 0.370679
0.283072 0.842863 1.45742 0.82923 7.76369 2.10567 0.261789 0.43936 3.16598 1.48172
2.43662 0.143359 0.384478 1.09233 2.70924 0.510021 8.07389 8.11798 0.431698 2.49388
1.92194 0.683706 11.4288 0.778072 0.341635 1.43314 0.143891 0.267644 0.7496 0.191846
1.7294 14.6265 1.0271 4.14016 0.850383 0.187865 0.448078 1.41732 9.90534 0.116749
1.00427 4.66688 1.24266 0.828065 0.510831 0.178297 0.711406 0.835319 0.183407 1.34644
2.80539 0.308868 1.59624 2.20942 0.338177 0.837823 1.7212 1.05147 2.86504 0.645954
10.0236 0.885413 0.426409 3.57837 0.603671 9.26464 0.381561 0.307184 1.77939 0.256733
1.26439 9.87322 1.82103 0.154159 0.215552 2.21623 1.72996 6.15615 7.46856 2.9656
0.35707 0.67351 0.28204 0.291145 0.288678 0.615464 0.735353 1.94776 0.206077 0.875464
3.50483 2.62083 1.5493 1.03785 0.151314 8.84163 1.60097 1.39086 0.0805135 1.87883
4.82965 0.157646 0.573425 0.670055 0.672909 0.30695 1.88306 1.11906 0.968473 10.8716
2.8494 1.39554 0.316504 2.10329 0.293543 0.248411 0.365003 0.72307 0.0949556 0.670435
0.267433 0.158047 0.753446 2.39736 7.80863 0.571007 0.609938 6.10848 0.39264 0.166427
1.34094 3.42497 1.08595 0.56359 0.334961 0.422456 0.909154 0.249247 0.751198 1.37686
3.70938 7.34643 1.09828 0.479653 3.17283 3.38736 4.8204 1.04381 0.433506 2.16857
2.89411 0.298307 1.25285 8.5473 0.445575 1.0889 1.08733 2.31629 0.273706 1.9005
0.502904 1.90956 0.216671 0.858758 1.24504 3.45777 2.02408 1.17453 6.0196 0.923493
0.281425 0.699497 0.190218 0.805071 0.294169 4.1835 3.18109 11.1404 0.434425 2.76024
1.99016 7.80405 0.546666 0.130302 
>noiseOffset:
>observedSynthesisNoise:
>std_NoiseOffset:
>mutation_prior_mean:
***
0 0 0 0 0 0 0 0 0 0
0 0 0 0 0 0 0 0 0 0
0 0 0 0 0 0 0 0 0 0
0 0 0 0 0 0 0 0 0 0
>mutation_prior_sd:
***
0.35 0.35 0.35 0.35 0.35 0.35 0.35 0.35 0.35 0.35
0.35 0.35 0.35 0.35 0.35 0.35 0.35 0.35 0.35 0.35
0.35 0.35 0.35 0.35 0.35 0.35 0.35 0.35 0.35 0.35
0.35 0.35 0.35 0.35 0.35 0.35 0.35 0.35 0.35 0.35
>std_csp:
4.51569e+24 4.51569e+24 4.51569e+24 2.43183e+58 2.43183e+58 2.43183e+58 2.43183e+58 1.98181e+28 1.98181e+28 1.98181e+28
2.43183e+58 3.67083e+56 3.67083e+56 2.43183e+58 1.13593 1.13593 1.13593 1.13593 1.13593 2.43183e+58
7.85168e+16 7.85168e+16 7.85168e+16 2.43183e+58 0.0189108 0.0189108 0.0189108 0.0189108 0.0189108 8.3488e+25
8.3488e+25 8.3488e+25 1.58528e+22 1.58528e+22 1.58528e+22 1.40471e+31 1.40471e+31 1.40471e+31 2.43183e+58 2.43183e+58
>currentMutationParameter:
***
-0.207407 0.441056 0.645644 0.250758 0.722535 -0.661767 0.605098 0.0345033 0.408419 0.715699
0.738052 0.0243036 0.666805 -0.570756 0.450956 1.05956 0.549069 0.409834 -0.196043 0.614633
-0.0635834 0.497277 0.582122 -0.511362 -1.19632 -0.771466 -0.160406 0.476347 0.403494 -0.0784245
0.522261 0.646223 -0.176795 0.540641 0.501026 0.132361 0.717795 0.387088 0.504953 0.368376
>currentSelectionParameter:
***
0.242664 -0.0518401 0.365512 0.101544 -0.216868 -0.43065 -0.574814 1.06748 0.387912 1.14761
-0.0988759 0.993823 -0.0706511 0.218611 0.337496 0.76051 0.325488 0.550144 0.322841 -0.559747
-0.340642 0.970993 0.720168 -0.563466 -0.20369 0.477874 1.98247 0.231445 1.8699 0.555914
-0.0725966 0.307075 0.447347 -0.0828072 0.79746 0.824296 0.014747 0.34587 -0.398726 -0.335222
>covarianceMatrix:
A
2.38247e-104	0	0	0	0	0	
0	2.38247e-104	0	0	0	0	
0	0	2.38247e-104	0	0	0	
0	0	0	0.0275472	0.0023969	0.00811656	
0	0	0	0.0023969	0.00543239	0.0035303	
0	0	0	0.00811656	0.0035303	0.088568	
***
>covarianceMatrix:
C
2.49639e-110	0	
0	0.00975721	
***
>covarianceMatrix:
D
2.49639e-110	0	
0	0.00623067	
***
>covarianceMatrix:
E
2.49639e-110	0	
0	0.0238984	
***
>covarianceMatrix:
F
2.49639e-110	0	
0	0.016211	
***
>covarianceMatrix:
G
1.41951e-113	0	0	0	0	0	
0	1.41951e-113	0	0	0	0	
0	0	1.41951e-113	0	0	0	
0	0	0	0.0916927	-0.00325406	-0.005977	
0	0	0	-0.00325406	0.0196522	0.00407595	
0	0	0	-0.005977	0.00407595	0.0686341	
***
>covarianceMatrix:
H
2.49639e-110	0	
0	0.0113902	
***
>covarianceMatrix:
I
3.76828e-112	0	0	0	
0	3.76828e-112	0	0	
0	0	0.0429331	-0.000396617	
0	0	-0.000396617	0.001692	
***
>covarianceMatrix:
K
2.49639e-110	0	
0	0.00462565	
***
>covarianceMatrix:
L
1.53483e-41	0	0	0	0	0	0	0	0	0	
0	1.53483e-41	0	0	0	0	0	0	0	0	
0	0	1.53483e-41	0	0	0	0	0	0	0	
0	0	0	1.53483e-41	0	0	0	0	0	0	
0	0	0	0	1.53483e-41	0	0	0	0	0	
0	0	0	0	0	0.00710925	-0.0051185	0.001223	0.00183464	0.00180817	
0	0	0	0	0	-0.0051185	0.157842	0.00341527	0.00381845	-0.00472443	
0	0	0	0	0	0.001223	0.00341527	0.0173323	0.00160234	-0.000801511	
0	0	0	0	0	0.00183464	0.00381845	0.00160234	0.0214545	0.000236385	
0	0	0	0	0	0.00180817	-0.00472443	-0.000801511	0.000236385	0.00409749	
***
>covarianceMatrix:
N
2.49639e-110	0	
0	0.0179519	
***
>covarianceMatrix:
P
6.4897e-96	0	0	0	0	0	
0	6.4897e-96	0	0	0	0	
0	0	6.4897e-96	0	0	0	
0	0	0	0.0197719	0.0131049	0.00887766	
0	0	0	0.0131049	0.106027	-0.00657286	
0	0	0	0.00887766	-0.00657286	0.150953	
***
>covarianceMatrix:
Q
2.49639e-110	0	
0	0.0427849	
***
>covarianceMatrix:
R
4.42666e-53	0	0	0	0	0	0	0	0	0	
0	4.42666e-53	0	0	0	0	0	0	0	0	
0	0	4.42666e-53	0	0	0	0	0	0	0	
0	0	0	4.42666e-53	0	0	0	0	0	0	
0	0	0	0	4.42666e-53	0	0	0	0	0	
0	0	0	0	0	0.00518655	0.00445792	0.0124165	0.00147099	0.00131324	
0	0	0	0	0	0.00445792	0.0263777	0.0134297	-0.00274687	-0.0237722	
0	0	0	0	0	0.0124165	0.0134297	0.250207	0.0154724	-0.0394877	
0	0	0	0	0	0.00147099	-0.00274687	0.0154724	0.0225959	-0.00686665	
0	0	0	0	0	0.00131324	-0.0237722	-0.0394877	-0.00686665	0.114773	
***
>covarianceMatrix:
S
1.2523e-108	0	0	0	0	0	
0	1.2523e-108	0	0	0	0	
0	0	1.2523e-108	0	0	0	
0	0	0	0.0461472	0.00240939	0.00144883	
0	0	0	0.00240939	0.00299588	0.00032492	
0	0	0	0.00144883	0.00032492	0.0451307	
***
>covarianceMatrix:
T
6.35451e-102	0	0	0	0	0	
0	6.35451e-102	0	0	0	0	
0	0	6.35451e-102	0	0	0	
0	0	0	0.0109132	0.00131016	0.000899269	
0	0	0	0.00131016	0.00178527	-0.00174999	
0	0	0	0.000899269	-0.00174999	0.0500801	
***
>covarianceMatrix:
V
3.70721e-117	0	0	0	0	0	
0	3.70721e-117	0	0	0	0	
0	0	3.70721e-117	0	0	0	
0	0	0	0.0160084	-3.10848e-05	0.000137726	
0	0	0	-3.10848e-05	0.00122183	-2.36395e-05	
0	0	0	0.000137726	-2.36395e-05	0.00771556	
***
>covarianceMatrix:
Y
2.49639e-110	0	
0	0.00844246	
***
>covarianceMatrix:
Z
2.49639e-110	0	
0	0.147629	
***
