>groupList:
A C D E F G H I K L
N P Q R S T V Y Z 
>stdDevSynthesisRate:
1.238 
>numParam:
40
>numMixtures:
1
>std_stdDevSynthesisRate:
0.1
>std_phi:
***
0.1 0.1 0.1 0.1 0.1 0.1 0.1 0.1 0.1 0.1
0.1 0.1 0.1 0.1 0.1 0.1 0.1 0.1 0.1 0.1
0.1 0.1 0.1 0.1 0.1 0.1 0.1 0.1 0.1 0.1
0.1 0.1 0.1 0.1 0.1 0.1 0.1 0.1 0.1 0.1
0.1 0.1 0.1 0.1 0.1 0.1 0.1 0.1 0.1 0.1
0.1 0.1 0.1 0.1 0.1 0.1 0.1 0.1 0.1 0.1
0.1 0.1 0.1 0.1 0.1 0.1 0.1 0.1 0.1 0.1
0.1 0.1 0.1 0.1 0.1 0.1 0.1 0.1 0.1 0.1
0.1 0.1 0.1 0.1 0.1 0.1 0.1 0.1 0.1 0.1
0.1 0.1 0.1 0.1 0.1 0.1 0.1 0.1 0.1 0.1
0.1 0.1 0.1 0.1 0.1 0.1 0.1 0.1 0.1 0.1
0.1 0.1 0.1 0.1 0.1 0.1 0.1 0.1 0.1 0.1
0.1 0.1 0.1 0.1 0.1 0.1 0.1 0.1 0.1 0.1
0.1 0.1 0.1 0.1 0.1 0.1 0.1 0.1 0.1 0.1
0.1 0.1 0.1 0.1 0.1 0.1 0.1 0.1 0.1 0.1
0.1 0.1 0.1 0.1 0.1 0.1 0.1 0.1 0.1 0.1
0.1 0.1 0.1 0.1 0.1 0.1 0.1 0.1 0.1 0.1
0.1 0.1 0.1 0.1 0.1 0.1 0.1 0.1 0.1 0.1
0.1 0.1 0.1 0.1 0.1 0.1 0.1 0.1 0.1 0.1
0.1 0.1 0.1 0.1 0.1 0.1 0.1 0.1 0.1 0.1
0.1 0.1 0.1 0.1 0.1 0.1 0.1 0.1 0.1 0.1
0.1 0.1 0.1 0.1 0.1 0.1 0.1 0.1 0.1 0.1
0.1 0.1 0.1 0.1 0.1 0.1 0.1 0.1 0.1 0.1
0.1 0.1 0.1 0.1 0.1 0.1 0.1 0.1 0.1 0.1
0.1 0.1 0.1 0.1 0.1 0.1 0.1 0.1 0.1 
>categories:
0 0
>mixtureAssignment:
0 0 0 0 0 0 0 0 0 0 0 0 0 0 0 0 0 0 0 0 0 0 0 0 0 0 0 0 0 0 0 0 0 0 0 0 0 0 0 0 0 0 0 0 0 0 0 0 0 0
0 0 0 0 0 0 0 0 0 0 0 0 0 0 0 0 0 0 0 0 0 0 0 0 0 0 0 0 0 0 0 0 0 0 0 0 0 0 0 0 0 0 0 0 0 0 0 0 0 0
0 0 0 0 0 0 0 0 0 0 0 0 0 0 0 0 0 0 0 0 0 0 0 0 0 0 0 0 0 0 0 0 0 0 0 0 0 0 0 0 0 0 0 0 0 0 0 0 0 0
0 0 0 0 0 0 0 0 0 0 0 0 0 0 0 0 0 0 0 0 0 0 0 0 0 0 0 0 0 0 0 0 0 0 0 0 0 0 0 0 0 0 0 0 0 0 0 0 0 0
0 0 0 0 0 0 0 0 0 0 0 0 0 0 0 0 0 0 0 0 0 0 0 0 0 0 0 0 0 0 0 0 0 0 0 0 0 0 0 0 0 0 0 0 0 0 0 0 0 
>numMutationCategories:
1
>numSelectionCategories:
1
>categoryProbabilities:
1 
>selectionIsInMixture:
***
0 
>mutationIsInMixture:
***
0 
>obsPhiSets:
0
>currentSynthesisRateLevel:
***
0.0805135 0.341635 1.0114 6.15615 1.26439 1.28245 2.10567 1.69335 0.672078 8.18589
0.370679 0.39264 11.4288 3.50483 0.365003 0.835319 1.3737 0.249247 2.49388 1.08733
0.334961 0.291145 1.0271 2.68203 0.906959 1.0889 0.842863 4.1835 0.431698 7.46856
4.23674 1.77939 1.17453 1.31999 0.0949556 0.834349 0.342248 0.683706 0.670435 0.573425
9.90534 1.7294 2.31629 0.609938 0.130302 0.657128 0.82923 0.448078 10.8716 1.25285
1.05147 2.8494 0.256733 2.86137 0.207086 1.94776 0.828065 0.298307 2.20942 1.45742
0.422456 0.968473 0.178297 0.80248 0.294169 0.479653 1.88306 0.381561 1.24266 0.151314
1.41732 0.206077 2.76024 6.10848 0.183407 0.216671 0.805071 0.662577 0.885413 0.445575
0.261789 0.476443 0.751198 1.09233 0.571007 0.378622 0.274645 1.34094 0.603671 15.7845
0.670055 0.923493 0.699497 1.90956 9.87322 1.00934 0.677008 0.711406 1.03785 0.116749
1.82103 0.275192 1.0079 0.433506 0.837823 0.384478 0.510831 0.166427 0.510021 8.07389
2.70924 0.850383 1.39086 1.7212 1.34644 0.615464 0.753446 0.735353 0.157646 0.412968
1.08595 0.308868 0.323945 0.136692 1.00427 1.35945 0.858758 14.6265 2.52825 0.970313
0.214367 0.619466 3.70938 4.14016 7.80405 1.43314 0.7496 0.219281 3.16598 1.24504
0.267433 0.56359 0.413245 2.89411 0.72307 0.43936 0.546666 0.506642 4.70221 0.210158
0.210515 3.38736 0.199078 9.61126 0.267644 0.652749 3.45777 0.426409 0.215552 1.01418
8.84163 1.83802 1.04381 0.315534 6.0196 2.62083 7.80863 0.206861 0.191846 6.80728
1.39554 0.875464 2.06774 8.11798 0.28204 2.10329 0.778072 1.55511 0.143891 1.04055
2.16857 0.283072 9.26464 3.57837 0.502904 1.5493 0.288678 7.76369 0.281425 0.187865
2.39736 0.35707 2.21623 0.273706 0.258562 0.274494 0.909154 4.66688 0.158047 0.672909
1.60097 0.307184 0.257064 2.86504 2.80539 1.92194 0.293543 3.42497 1.99016 0.67351
1.10637 0.190218 11.1411 0.645954 10.0236 1.72996 0.30695 0.248411 1.6564 1.37686
7.41634 0.267 1.11906 7.34643 0.828748 0.316504 2.43662 0.154159 1.26963 3.78043
0.361277 3.18109 1.9005 0.143359 8.5473 4.82965 1.48172 3.17283 0.338177 1.70683
0.434425 4.8204 11.1404 1.59624 2.02408 1.87883 0.235313 1.89961 0.552099 
>noiseOffset:
>observedSynthesisNoise:
>std_NoiseOffset:
>mutation_prior_mean:
***
0 0 0 0 0 0 0 0 0 0
0 0 0 0 0 0 0 0 0 0
0 0 0 0 0 0 0 0 0 0
0 0 0 0 0 0 0 0 0 0
>mutation_prior_sd:
***
0.35 0.35 0.35 0.35 0.35 0.35 0.35 0.35 0.35 0.35
0.35 0.35 0.35 0.35 0.35 0.35 0.35 0.35 0.35 0.35
0.35 0.35 0.35 0.35 0.35 0.35 0.35 0.35 0.35 0.35
0.35 0.35 0.35 0.35 0.35 0.35 0.35 0.35 0.35 0.35
>std_csp:
6.75274e+06 6.75274e+06 6.75274e+06 1.51791e+78 1.51791e+78 1.51791e+78 1.51791e+78 4.58055e+35 4.58055e+35 4.58055e+35
1.51791e+78 3.08379e+75 3.08379e+75 1.51791e+78 0.908743 0.908743 0.908743 0.908743 0.908743 1.51791e+78
4.34957e+10 4.34957e+10 4.34957e+10 1.51791e+78 4.51939e-10 4.51939e-10 4.51939e-10 4.51939e-10 4.51939e-10 9.30584e+32
9.30584e+32 9.30584e+32 5.64519e+30 5.64519e+30 5.64519e+30 5.61028e+38 5.61028e+38 5.61028e+38 1.51791e+78 1.51791e+78
>currentMutationParameter:
***
-0.207407 0.441056 0.645644 0.250758 0.722535 -0.661767 0.605098 0.0345033 0.408419 0.715699
0.738052 0.0243036 0.666805 -0.570756 0.450956 1.05956 0.549069 0.409834 -0.196043 0.614633
-0.0635834 0.497277 0.582122 -0.511362 -1.19632 -0.771466 -0.160406 0.476347 0.403494 -0.0784245
0.522261 0.646223 -0.176795 0.540641 0.501026 0.132361 0.717795 0.387088 0.504953 0.368376
>currentSelectionParameter:
***
0.310878 0.20513 4.10479 0.02007 -0.182249 -0.743104 -0.648045 1.25079 0.498614 0.93731
-0.255984 1.21498 -0.00864678 0.241027 0.375448 0.938507 1.12925 0.939067 0.366841 -0.361775
-0.216207 1.48447 1.29671 -0.459683 -0.103919 0.711222 7.92734 0.277768 2.13352 0.418757
-0.0406894 0.381664 1.41336 -0.0694893 0.338467 0.585875 -0.155932 0.520841 -0.228676 -0.0604609
>covarianceMatrix:
A
8.54315e-84	0	0	0	0	0	
0	8.54315e-84	0	0	0	0	
0	0	8.54315e-84	0	0	0	
0	0	0	0.0337059	-0.000508057	0.00461479	
0	0	0	-0.000508057	0.0117387	0.0390517	
0	0	0	0.00461479	0.0390517	2.0734	
***
>covarianceMatrix:
C
5.37572e-146	0	
0	0.0137842	
***
>covarianceMatrix:
D
5.37572e-146	0	
0	0.0550902	
***
>covarianceMatrix:
E
5.37572e-146	0	
0	0.075556	
***
>covarianceMatrix:
F
5.37572e-146	0	
0	0.0401863	
***
>covarianceMatrix:
G
5.00245e-149	0	0	0	0	0	
0	5.00245e-149	0	0	0	0	
0	0	5.00245e-149	0	0	0	
0	0	0	0.150975	0.0156963	0.0160676	
0	0	0	0.0156963	0.0521727	0.00335667	
0	0	0	0.0160676	0.00335667	0.109178	
***
>covarianceMatrix:
H
5.37572e-146	0	
0	0.0526629	
***
>covarianceMatrix:
I
1.09213e-148	0	0	0	
0	1.09213e-148	0	0	
0	0	0.0616332	0.0035144	
0	0	0.0035144	0.0049237	
***
>covarianceMatrix:
K
5.37572e-146	0	
0	0.0063689	
***
>covarianceMatrix:
L
7.65791e-52	0	0	0	0	0	0	0	0	0	
0	7.65791e-52	0	0	0	0	0	0	0	0	
0	0	7.65791e-52	0	0	0	0	0	0	0	
0	0	0	7.65791e-52	0	0	0	0	0	0	
0	0	0	0	7.65791e-52	0	0	0	0	0	
0	0	0	0	0	0.0073901	0.00288836	0.0013407	0.00336451	0.0020954	
0	0	0	0	0	0.00288836	0.124951	-0.00242723	0.00849671	-0.0005505	
0	0	0	0	0	0.0013407	-0.00242723	0.0825857	-0.000483839	0.00387114	
0	0	0	0	0	0.00336451	0.00849671	-0.000483839	0.0386326	0.00456159	
0	0	0	0	0	0.0020954	-0.0005505	0.00387114	0.00456159	0.00785563	
***
>covarianceMatrix:
N
5.37572e-146	0	
0	0.0259748	
***
>covarianceMatrix:
P
1.26453e-96	0	0	0	0	0	
0	1.26453e-96	0	0	0	0	
0	0	1.26453e-96	0	0	0	
0	0	0	0.0191999	-0.000789784	0.0162796	
0	0	0	-0.000789784	0.307328	0.0248087	
0	0	0	0.0162796	0.0248087	0.642616	
***
>covarianceMatrix:
Q
5.37572e-146	0	
0	0.109732	
***
>covarianceMatrix:
R
1.22549e-98	0	0	0	0	0	0	0	0	0	
0	1.22549e-98	0	0	0	0	0	0	0	0	
0	0	1.22549e-98	0	0	0	0	0	0	0	
0	0	0	1.22549e-98	0	0	0	0	0	0	
0	0	0	0	1.22549e-98	0	0	0	0	0	
0	0	0	0	0	0.0114318	0.00817221	0.00945968	0.00600287	0.00917946	
0	0	0	0	0	0.00817221	0.0327942	0.0480361	0.00376046	0.0200862	
0	0	0	0	0	0.00945968	0.0480361	0.350496	0.0398748	0.0395222	
0	0	0	0	0	0.00600287	0.00376046	0.0398748	0.0542599	-0.0209428	
0	0	0	0	0	0.00917946	0.0200862	0.0395222	-0.0209428	0.269147	
***
>covarianceMatrix:
S
1.26713e-142	0	0	0	0	0	
0	1.26713e-142	0	0	0	0	
0	0	1.26713e-142	0	0	0	
0	0	0	0.124848	0.0209209	0.0376653	
0	0	0	0.0209209	0.0274625	0.0079236	
0	0	0	0.0376653	0.0079236	0.237053	
***
>covarianceMatrix:
T
3.45023e-136	0	0	0	0	0	
0	3.45023e-136	0	0	0	0	
0	0	3.45023e-136	0	0	0	
0	0	0	0.0620328	0.00210861	0.000629003	
0	0	0	0.00210861	0.00437285	-0.000495008	
0	0	0	0.000629003	-0.000495008	0.0894021	
***
>covarianceMatrix:
V
4.83873e-151	0	0	0	0	0	
0	4.83873e-151	0	0	0	0	
0	0	4.83873e-151	0	0	0	
0	0	0	0.0348391	0.000461746	-0.00153142	
0	0	0	0.000461746	0.00275026	-3.28678e-05	
0	0	0	-0.00153142	-3.28678e-05	0.0269427	
***
>covarianceMatrix:
Y
5.37572e-146	0	
0	0.0195416	
***
>covarianceMatrix:
Z
5.37572e-146	0	
0	0.41279	
***
