>groupList:
A C D E F G H I K L
N P Q R S T V Y Z 
>stdDevSynthesisRate:
1.238 
>numParam:
40
>numMixtures:
1
>std_stdDevSynthesisRate:
0.1
>std_phi:
***
0.1 0.1 0.1 0.1 0.1 0.1 0.1 0.1 0.1 0.1
0.1 0.1 0.1 0.1 0.1 0.1 0.1 0.1 0.1 0.1
0.1 0.1 0.1 0.1 0.1 0.1 0.1 0.1 0.1 0.1
0.1 0.1 0.1 0.1 0.1 0.1 0.1 0.1 0.1 0.1
0.1 0.1 0.1 0.1 0.1 0.1 0.1 0.1 0.1 0.1
0.1 0.1 0.1 0.1 0.1 0.1 0.1 0.1 0.1 0.1
0.1 0.1 0.1 0.1 0.1 0.1 0.1 0.1 0.1 0.1
0.1 0.1 0.1 0.1 0.1 0.1 0.1 0.1 0.1 0.1
0.1 0.1 0.1 0.1 0.1 0.1 0.1 0.1 0.1 0.1
0.1 0.1 0.1 0.1 0.1 0.1 0.1 0.1 0.1 0.1
0.1 0.1 0.1 0.1 0.1 0.1 0.1 0.1 0.1 0.1
0.1 0.1 0.1 0.1 0.1 0.1 0.1 0.1 0.1 0.1
0.1 0.1 0.1 0.1 0.1 0.1 0.1 0.1 0.1 0.1
0.1 0.1 0.1 0.1 0.1 0.1 0.1 0.1 0.1 0.1
0.1 0.1 0.1 0.1 0.1 0.1 0.1 0.1 0.1 0.1
0.1 0.1 0.1 0.1 0.1 0.1 0.1 0.1 0.1 0.1
0.1 0.1 0.1 0.1 0.1 0.1 0.1 0.1 0.1 0.1
0.1 0.1 0.1 0.1 0.1 0.1 0.1 0.1 0.1 0.1
0.1 0.1 0.1 0.1 0.1 0.1 0.1 0.1 0.1 0.1
0.1 0.1 0.1 0.1 0.1 0.1 0.1 0.1 0.1 0.1
0.1 0.1 0.1 0.1 0.1 0.1 0.1 0.1 0.1 0.1
0.1 0.1 0.1 0.1 0.1 0.1 0.1 0.1 0.1 0.1
0.1 0.1 0.1 0.1 0.1 0.1 0.1 0.1 0.1 0.1
0.1 0.1 0.1 0.1 0.1 0.1 0.1 0.1 0.1 0.1
0.1 0.1 0.1 0.1 0.1 0.1 0.1 0.1 0.1 0.1
0.1 0.1 0.1 0.1 0.1 0.1 0.1 0.1 0.1 0.1
0.1 0.1 0.1 0.1 0.1 0.1 0.1 0.1 0.1 0.1
0.1 0.1 0.1 0.1 0.1 0.1 0.1 0.1 0.1 0.1
0.1 0.1 0.1 0.1 0.1 0.1 0.1 0.1 0.1 0.1
0.1 0.1 0.1 0.1 0.1 0.1 0.1 0.1 0.1 0.1
0.1 0.1 0.1 0.1 0.1 0.1 0.1 0.1 0.1 0.1
0.1 0.1 0.1 0.1 0.1 0.1 0.1 0.1 0.1 0.1
0.1 0.1 0.1 0.1 0.1 0.1 0.1 0.1 0.1 0.1
0.1 0.1 0.1 0.1 0.1 0.1 0.1 0.1 0.1 0.1
0.1 0.1 0.1 0.1 0.1 0.1 0.1 0.1 0.1 0.1
0.1 0.1 0.1 0.1 0.1 0.1 0.1 0.1 0.1 0.1
0.1 0.1 0.1 0.1 0.1 0.1 0.1 0.1 0.1 0.1
0.1 0.1 0.1 
>categories:
0 0
>mixtureAssignment:
0 0 0 0 0 0 0 0 0 0 0 0 0 0 0 0 0 0 0 0 0 0 0 0 0 0 0 0 0 0 0 0 0 0 0 0 0 0 0 0 0 0 0 0 0 0 0 0 0 0
0 0 0 0 0 0 0 0 0 0 0 0 0 0 0 0 0 0 0 0 0 0 0 0 0 0 0 0 0 0 0 0 0 0 0 0 0 0 0 0 0 0 0 0 0 0 0 0 0 0
0 0 0 0 0 0 0 0 0 0 0 0 0 0 0 0 0 0 0 0 0 0 0 0 0 0 0 0 0 0 0 0 0 0 0 0 0 0 0 0 0 0 0 0 0 0 0 0 0 0
0 0 0 0 0 0 0 0 0 0 0 0 0 0 0 0 0 0 0 0 0 0 0 0 0 0 0 0 0 0 0 0 0 0 0 0 0 0 0 0 0 0 0 0 0 0 0 0 0 0
0 0 0 0 0 0 0 0 0 0 0 0 0 0 0 0 0 0 0 0 0 0 0 0 0 0 0 0 0 0 0 0 0 0 0 0 0 0 0 0 0 0 0 0 0 0 0 0 0 0
0 0 0 0 0 0 0 0 0 0 0 0 0 0 0 0 0 0 0 0 0 0 0 0 0 0 0 0 0 0 0 0 0 0 0 0 0 0 0 0 0 0 0 0 0 0 0 0 0 0
0 0 0 0 0 0 0 0 0 0 0 0 0 0 0 0 0 0 0 0 0 0 0 0 0 0 0 0 0 0 0 0 0 0 0 0 0 0 0 0 0 0 0 0 0 0 0 0 0 0
0 0 0 0 0 0 0 0 0 0 0 0 0 0 0 0 0 0 0 0 0 0 0 
>numMutationCategories:
1
>numSelectionCategories:
1
>categoryProbabilities:
1 
>selectionIsInMixture:
***
0 
>mutationIsInMixture:
***
0 
>obsPhiSets:
0
>currentSynthesisRateLevel:
***
2.0554 0.0805135 4.58293 0.341635 2.57141 0.723517 1.0114 0.116843 1.46651 6.15615
1.26439 1.28245 2.10567 1.69335 0.672078 8.18589 0.370679 2.76335 0.39264 0.461963
11.4288 3.50483 1.00467 1.26588 0.365003 11.0797 0.262976 0.835319 1.3737 1.75479
2.04656 0.249247 2.49388 0.47984 0.421088 0.560201 1.08733 0.334961 1.64435 0.291145
0.217891 1.0271 2.79552 0.995796 2.68203 0.906959 1.0889 0.842863 4.1835 0.431698
7.46856 4.23674 0.434831 1.77939 0.806985 0.108803 1.17453 1.31999 0.0949556 0.834349
0.238729 0.342248 0.683706 0.670435 0.573425 9.90534 1.7294 2.31629 0.609938 0.130302
0.657128 4.98377 0.176305 0.82923 0.448078 2.44538 10.8716 1.25285 1.05147 2.8494
0.256733 1.29696 0.248349 0.467649 2.86137 0.207086 1.94776 0.828065 0.298307 11.3688
1.61695 2.20942 1.45742 0.422456 0.968473 0.178297 0.80248 0.294169 0.479653 1.88306
0.381561 1.24266 0.151314 0.544466 1.41732 0.206077 2.76024 1.40451 0.670173 4.2956
6.10848 0.183407 0.216671 0.805071 0.662577 0.885413 2.84988 1.37945 0.445575 1.44101
0.261789 0.562304 1.45192 0.476443 1.09828 1.62902 1.57956 2.57202 0.751198 0.205656
1.09233 0.571007 0.60707 1.13895 0.378622 0.274645 1.34094 1.03149 0.603671 15.7845
0.670055 0.923493 0.699497 1.90956 0.822239 9.87322 8.24896 1.00934 0.677008 0.711406
1.03785 0.116749 1.82103 0.487982 0.275192 1.0079 0.433506 0.837823 0.384478 0.576857
0.510831 0.249293 0.166427 0.510021 8.07389 2.70924 0.850383 1.39086 0.314087 1.7212
1.34644 8.77613 0.715994 0.615464 0.753446 0.735353 0.157646 0.174234 0.553425 0.412968
0.463414 1.08595 8.2157 0.308868 0.508051 0.323945 0.136692 1.00427 1.35945 0.858758
14.6265 2.52825 0.224974 0.970313 0.214367 0.619466 3.70938 4.14016 7.80405 1.43314
1.46338 0.7496 0.219281 3.16598 0.198763 0.451439 0.489147 0.338328 1.24504 1.68513
0.896717 0.267433 0.56359 0.413245 2.89411 0.72307 0.43936 0.744321 8.24446 0.627281
0.546666 0.506642 4.70221 0.210158 0.210515 3.38736 0.199078 0.128295 9.61126 0.267644
0.215772 0.652749 3.45777 0.426409 0.215552 1.01418 0.387797 8.84163 1.83802 1.04381
0.315534 6.0196 2.62083 7.80863 0.206861 0.191846 6.80728 0.257503 1.39554 0.875464
2.06774 0.685459 8.11798 0.485731 0.28204 2.10329 0.393924 0.778072 1.55511 1.37454
0.143891 1.04055 2.16857 0.283072 9.26464 3.57837 2.53737 0.502904 1.5493 0.288678
7.76369 2.9656 0.281425 0.187865 1.01507 2.39736 7.0168 0.153744 1.60468 0.35707
2.21623 0.273706 0.258562 9.31998 0.274494 0.909154 1.03351 4.66688 0.950643 0.158047
0.672909 1.60097 2.15103 0.307184 0.257064 2.86504 1.2965 1.05052 2.80539 1.92194
0.293543 1.36113 0.398454 3.42497 9.62122 9.9739 1.17937 0.910513 1.99016 0.67351
1.10637 0.813226 0.190218 0.276298 0.200581 11.1411 0.145386 0.645954 1.78194 1.45813
10.0236 1.96676 0.616338 1.72996 1.05498 0.30695 2.08726 0.248411 1.6564 1.37686
7.41634 0.267 1.11906 1.38829 0.903102 7.34643 1.89005 0.828748 0.316504 2.43662
1.33357 0.154159 4.82767 1.26963 3.78043 0.361277 0.447109 3.18109 0.185026 1.9005
0.143359 8.5473 1.00458 4.82965 0.348288 0.171355 1.48172 11.1545 3.17283 0.124955
0.338177 1.70683 0.434425 4.8204 11.1404 1.53053 1.59624 2.02408 2.10192 1.87883
0.235313 1.89961 0.552099 
>noiseOffset:
>observedSynthesisNoise:
>std_NoiseOffset:
>mutation_prior_mean:
***
0 0 0 0 0 0 0 0 0 0
0 0 0 0 0 0 0 0 0 0
0 0 0 0 0 0 0 0 0 0
0 0 0 0 0 0 0 0 0 0
>mutation_prior_sd:
***
0.35 0.35 0.35 0.35 0.35 0.35 0.35 0.35 0.35 0.35
0.35 0.35 0.35 0.35 0.35 0.35 0.35 0.35 0.35 0.35
0.35 0.35 0.35 0.35 0.35 0.35 0.35 0.35 0.35 0.35
0.35 0.35 0.35 0.35 0.35 0.35 0.35 0.35 0.35 0.35
>std_csp:
3.58983e+26 3.58983e+26 3.58983e+26 2.43183e+58 2.43183e+58 2.43183e+58 2.43183e+58 1.25245e+32 1.25245e+32 1.25245e+32
2.43183e+58 3.67085e+56 3.67085e+56 2.43183e+58 13.1876 13.1876 13.1876 13.1876 13.1876 2.43183e+58
6.54306e+16 6.54306e+16 6.54306e+16 2.43183e+58 0.00594882 0.00594882 0.00594882 0.00594882 0.00594882 6.33147e+29
6.33147e+29 6.33147e+29 5.16935e+26 5.16935e+26 5.16935e+26 1.17059e+31 1.17059e+31 1.17059e+31 2.43183e+58 2.43183e+58
>currentMutationParameter:
***
-0.207407 0.441056 0.645644 0.250758 0.722535 -0.661767 0.605098 0.0345033 0.408419 0.715699
0.738052 0.0243036 0.666805 -0.570756 0.450956 1.05956 0.549069 0.409834 -0.196043 0.614633
-0.0635834 0.497277 0.582122 -0.511362 -1.19632 -0.771466 -0.160406 0.476347 0.403494 -0.0784245
0.522261 0.646223 -0.176795 0.540641 0.501026 0.132361 0.717795 0.387088 0.504953 0.368376
>currentSelectionParameter:
***
0.461779 0.0219484 0.615911 0.213994 -0.11196 -0.427857 -0.302249 0.941077 0.431021 0.639476
-0.23803 0.792898 -0.0941044 0.279257 0.376278 0.886746 0.533683 0.494063 0.333463 -0.239092
-0.332077 0.0315512 1.27549 -0.496722 -0.113411 0.357389 1.90589 0.798833 1.22084 0.524259
-0.0373211 0.511497 0.443825 -0.0661795 0.645411 0.681371 -0.0504922 0.394843 -0.289176 -0.0725018
>covarianceMatrix:
A
1.98401e-114	0	0	0	0	0	
0	1.98401e-114	0	0	0	0	
0	0	1.98401e-114	0	0	0	
0	0	0	0.00540642	0.000709068	0.00243009	
0	0	0	0.000709068	0.00152677	0.00321944	
0	0	0	0.00243009	0.00321944	0.0387894	
***
>covarianceMatrix:
C
2.49639e-110	0	
0	0.00803414	
***
>covarianceMatrix:
D
2.49639e-110	0	
0	0.00222546	
***
>covarianceMatrix:
E
2.49639e-110	0	
0	0.00885473	
***
>covarianceMatrix:
F
2.49639e-110	0	
0	0.00221803	
***
>covarianceMatrix:
G
1.18994e-116	0	0	0	0	0	
0	1.18994e-116	0	0	0	0	
0	0	1.18994e-116	0	0	0	
0	0	0	0.0201494	0.00445686	0.00106073	
0	0	0	0.00445686	0.00630197	0.000543096	
0	0	0	0.00106073	0.000543096	0.0224441	
***
>covarianceMatrix:
H
2.49639e-110	0	
0	0.00409358	
***
>covarianceMatrix:
I
3.76829e-112	0	0	0	
0	3.76829e-112	0	0	
0	0	0.00898689	0.000135342	
0	0	0.000135342	0.000842637	
***
>covarianceMatrix:
K
2.49639e-110	0	
0	0.00177333	
***
>covarianceMatrix:
L
3.84884e-41	0	0	0	0	0	0	0	0	0	
0	3.84884e-41	0	0	0	0	0	0	0	0	
0	0	3.84884e-41	0	0	0	0	0	0	0	
0	0	0	3.84884e-41	0	0	0	0	0	0	
0	0	0	0	3.84884e-41	0	0	0	0	0	
0	0	0	0	0	0.00274078	3.86392e-05	0.000759307	-0.000161469	0.000830677	
0	0	0	0	0	3.86392e-05	0.0278591	0.000735145	0.00125788	-0.000205094	
0	0	0	0	0	0.000759307	0.000735145	0.00749255	0.000330358	0.000409138	
0	0	0	0	0	-0.000161469	0.00125788	0.000330358	0.00669143	0.000511717	
0	0	0	0	0	0.000830677	-0.000205094	0.000409138	0.000511717	0.00153044	
***
>covarianceMatrix:
N
2.49639e-110	0	
0	0.00368227	
***
>covarianceMatrix:
P
4.1088e-91	0	0	0	0	0	
0	4.1088e-91	0	0	0	0	
0	0	4.1088e-91	0	0	0	
0	0	0	0.00506811	0.00417558	0.00496038	
0	0	0	0.00417558	0.0134611	0.00810314	
0	0	0	0.00496038	0.00810314	0.086006	
***
>covarianceMatrix:
Q
2.49639e-110	0	
0	0.0150883	
***
>covarianceMatrix:
R
5.01303e-54	0	0	0	0	0	0	0	0	0	
0	5.01303e-54	0	0	0	0	0	0	0	0	
0	0	5.01303e-54	0	0	0	0	0	0	0	
0	0	0	5.01303e-54	0	0	0	0	0	0	
0	0	0	0	5.01303e-54	0	0	0	0	0	
0	0	0	0	0	0.0014416	0.000844841	-0.000321989	0.000842926	0.00149967	
0	0	0	0	0	0.000844841	0.00782609	0.00296811	0.00267673	-0.00837074	
0	0	0	0	0	-0.000321989	0.00296811	0.0648738	0.0049212	-0.0295333	
0	0	0	0	0	0.000842926	0.00267673	0.0049212	0.0183378	-0.00479886	
0	0	0	0	0	0.00149967	-0.00837074	-0.0295333	-0.00479886	0.102721	
***
>covarianceMatrix:
S
5.96909e-117	0	0	0	0	0	
0	5.96909e-117	0	0	0	0	
0	0	5.96909e-117	0	0	0	
0	0	0	0.0116804	0.000387303	-0.000408205	
0	0	0	0.000387303	0.00097753	0.000593147	
0	0	0	-0.000408205	0.000593147	0.0162415	
***
>covarianceMatrix:
T
3.67411e-113	0	0	0	0	0	
0	3.67411e-113	0	0	0	0	
0	0	3.67411e-113	0	0	0	
0	0	0	0.00455329	0.000236324	0.000986129	
0	0	0	0.000236324	0.00050546	4.39695e-05	
0	0	0	0.000986129	4.39695e-05	0.013774	
***
>covarianceMatrix:
V
6.67298e-118	0	0	0	0	0	
0	6.67298e-118	0	0	0	0	
0	0	6.67298e-118	0	0	0	
0	0	0	0.00457917	4.16489e-06	0.00025485	
0	0	0	4.16489e-06	0.000226677	-6.72128e-05	
0	0	0	0.00025485	-6.72128e-05	0.00282684	
***
>covarianceMatrix:
Y
2.49639e-110	0	
0	0.00319707	
***
>covarianceMatrix:
Z
2.49639e-110	0	
0	0.0607127	
***
