>groupList:
A C D E F G H I K L
N P Q R S T V Y Z 
>stdDevSynthesisRate:
1.238 
>numParam:
40
>numMixtures:
1
>std_stdDevSynthesisRate:
0.1
>std_phi:
***
0.1 0.1 0.1 0.1 0.1 0.1 0.1 0.1 0.1 0.1
0.1 0.1 0.1 0.1 0.1 0.1 0.1 0.1 0.1 0.1
0.1 0.1 0.1 0.1 0.1 0.1 0.1 0.1 0.1 0.1
0.1 0.1 0.1 0.1 0.1 0.1 0.1 0.1 0.1 0.1
0.1 0.1 0.1 0.1 0.1 0.1 0.1 0.1 0.1 0.1
0.1 0.1 0.1 0.1 0.1 0.1 0.1 0.1 0.1 0.1
0.1 0.1 0.1 0.1 0.1 0.1 0.1 0.1 0.1 0.1
0.1 0.1 0.1 0.1 0.1 0.1 0.1 0.1 0.1 0.1
0.1 0.1 0.1 0.1 0.1 0.1 0.1 0.1 0.1 0.1
0.1 0.1 0.1 0.1 0.1 0.1 0.1 0.1 0.1 0.1
0.1 0.1 0.1 0.1 0.1 0.1 0.1 0.1 0.1 0.1
0.1 0.1 0.1 0.1 0.1 0.1 0.1 0.1 0.1 0.1
0.1 0.1 0.1 0.1 0.1 0.1 0.1 0.1 0.1 0.1
0.1 0.1 0.1 0.1 0.1 0.1 0.1 0.1 0.1 0.1
0.1 0.1 0.1 0.1 0.1 0.1 0.1 0.1 0.1 0.1
0.1 0.1 0.1 0.1 0.1 0.1 0.1 0.1 0.1 0.1
0.1 0.1 0.1 0.1 0.1 0.1 0.1 0.1 0.1 0.1
0.1 0.1 0.1 0.1 0.1 0.1 0.1 0.1 0.1 0.1
0.1 0.1 0.1 0.1 0.1 0.1 0.1 0.1 0.1 0.1
0.1 0.1 0.1 0.1 0.1 0.1 0.1 0.1 0.1 0.1
0.1 0.1 0.1 0.1 0.1 0.1 0.1 0.1 0.1 0.1
0.1 0.1 0.1 0.1 0.1 0.1 0.1 0.1 0.1 0.1
0.1 0.1 0.1 0.1 0.1 0.1 0.1 0.1 0.1 0.1
0.1 0.1 0.1 0.1 0.1 0.1 0.1 0.1 0.1 0.1
0.1 0.1 0.1 0.1 0.1 0.1 0.1 0.1 0.1 0.1
0.1 0.1 0.1 0.1 0.1 0.1 0.1 0.1 0.1 0.1
0.1 0.1 0.1 0.1 0.1 0.1 0.1 0.1 0.1 0.1
0.1 0.1 0.1 0.1 0.1 0.1 0.1 0.1 0.1 0.1
0.1 0.1 0.1 0.1 0.1 0.1 0.1 0.1 0.1 0.1
0.1 0.1 0.1 0.1 0.1 0.1 0.1 0.1 0.1 0.1
0.1 0.1 0.1 0.1 0.1 0.1 0.1 0.1 0.1 0.1
0.1 0.1 0.1 0.1 0.1 0.1 0.1 0.1 0.1 0.1
0.1 0.1 0.1 0.1 0.1 0.1 0.1 0.1 0.1 0.1
0.1 0.1 0.1 0.1 0.1 0.1 0.1 0.1 0.1 0.1
0.1 0.1 0.1 0.1 0.1 0.1 0.1 0.1 0.1 0.1
0.1 0.1 0.1 0.1 0.1 0.1 0.1 0.1 0.1 0.1
0.1 0.1 0.1 0.1 0.1 0.1 0.1 0.1 0.1 
>categories:
0 0
>mixtureAssignment:
0 0 0 0 0 0 0 0 0 0 0 0 0 0 0 0 0 0 0 0 0 0 0 0 0 0 0 0 0 0 0 0 0 0 0 0 0 0 0 0 0 0 0 0 0 0 0 0 0 0
0 0 0 0 0 0 0 0 0 0 0 0 0 0 0 0 0 0 0 0 0 0 0 0 0 0 0 0 0 0 0 0 0 0 0 0 0 0 0 0 0 0 0 0 0 0 0 0 0 0
0 0 0 0 0 0 0 0 0 0 0 0 0 0 0 0 0 0 0 0 0 0 0 0 0 0 0 0 0 0 0 0 0 0 0 0 0 0 0 0 0 0 0 0 0 0 0 0 0 0
0 0 0 0 0 0 0 0 0 0 0 0 0 0 0 0 0 0 0 0 0 0 0 0 0 0 0 0 0 0 0 0 0 0 0 0 0 0 0 0 0 0 0 0 0 0 0 0 0 0
0 0 0 0 0 0 0 0 0 0 0 0 0 0 0 0 0 0 0 0 0 0 0 0 0 0 0 0 0 0 0 0 0 0 0 0 0 0 0 0 0 0 0 0 0 0 0 0 0 0
0 0 0 0 0 0 0 0 0 0 0 0 0 0 0 0 0 0 0 0 0 0 0 0 0 0 0 0 0 0 0 0 0 0 0 0 0 0 0 0 0 0 0 0 0 0 0 0 0 0
0 0 0 0 0 0 0 0 0 0 0 0 0 0 0 0 0 0 0 0 0 0 0 0 0 0 0 0 0 0 0 0 0 0 0 0 0 0 0 0 0 0 0 0 0 0 0 0 0 0
0 0 0 0 0 0 0 0 0 0 0 0 0 0 0 0 0 0 0 
>numMutationCategories:
1
>numSelectionCategories:
1
>categoryProbabilities:
1 
>selectionIsInMixture:
***
0 
>mutationIsInMixture:
***
0 
>obsPhiSets:
0
>currentSynthesisRateLevel:
***
2.0554 0.0805135 4.58293 0.341635 2.57141 0.723517 1.0114 0.116843 1.46651 6.15615
1.26439 1.28245 2.10567 1.69335 0.672078 8.18589 0.370679 0.39264 0.461963 11.4288
3.50483 1.00467 1.26588 0.365003 11.0797 0.262976 0.835319 1.3737 1.75479 2.04656
0.249247 2.49388 0.47984 0.421088 0.560201 1.08733 0.334961 1.64435 0.291145 0.217891
1.0271 2.79552 0.995796 2.68203 0.906959 1.0889 0.842863 4.1835 0.431698 7.46856
4.23674 1.77939 0.806985 0.108803 1.17453 1.31999 0.0949556 0.834349 0.238729 0.342248
0.683706 0.670435 0.573425 9.90534 1.7294 2.31629 0.609938 0.130302 0.657128 4.98377
0.176305 0.82923 0.448078 2.44538 10.8716 1.25285 1.05147 2.8494 0.256733 1.29696
0.248349 0.467649 2.86137 0.207086 1.94776 0.828065 0.298307 11.3688 1.61695 2.20942
1.45742 0.422456 0.968473 0.178297 0.80248 0.294169 0.479653 1.88306 0.381561 1.24266
0.151314 0.544466 1.41732 0.206077 2.76024 1.40451 0.670173 4.2956 6.10848 0.183407
0.216671 0.805071 0.662577 0.885413 2.84988 1.37945 0.445575 1.44101 0.261789 0.562304
1.45192 0.476443 1.62902 1.57956 2.57202 0.751198 0.205656 1.09233 0.571007 0.60707
1.13895 0.378622 0.274645 1.34094 1.03149 0.603671 15.7845 0.670055 0.923493 0.699497
1.90956 0.822239 9.87322 8.24896 1.00934 0.677008 0.711406 1.03785 0.116749 1.82103
0.487982 0.275192 1.0079 0.433506 0.837823 0.384478 0.576857 0.510831 0.249293 0.166427
0.510021 8.07389 2.70924 0.850383 1.39086 0.314087 1.7212 1.34644 8.77613 0.715994
0.615464 0.753446 0.735353 0.157646 0.174234 0.553425 0.412968 0.463414 1.08595 8.2157
0.308868 0.508051 0.323945 0.136692 1.00427 1.35945 0.858758 14.6265 2.52825 0.224974
0.970313 0.214367 0.619466 3.70938 4.14016 7.80405 1.43314 1.46338 0.7496 0.219281
3.16598 0.198763 0.451439 0.489147 0.338328 1.24504 1.68513 0.896717 0.267433 0.56359
0.413245 2.89411 0.72307 0.43936 0.744321 8.24446 0.627281 0.546666 0.506642 4.70221
0.210158 0.210515 3.38736 0.199078 0.128295 9.61126 0.267644 0.215772 0.652749 3.45777
0.426409 0.215552 1.01418 0.387797 8.84163 1.83802 1.04381 0.315534 6.0196 2.62083
7.80863 0.206861 0.191846 6.80728 0.257503 1.39554 0.875464 2.06774 0.685459 8.11798
0.485731 0.28204 2.10329 0.393924 0.778072 1.55511 1.37454 0.143891 1.04055 2.16857
0.283072 9.26464 3.57837 2.53737 0.502904 1.5493 0.288678 7.76369 0.281425 0.187865
1.01507 2.39736 7.0168 0.153744 1.60468 0.35707 2.21623 0.273706 0.258562 9.31998
0.274494 0.909154 1.03351 4.66688 0.950643 0.158047 0.672909 1.60097 2.15103 0.307184
0.257064 2.86504 1.2965 1.05052 2.80539 1.92194 0.293543 1.36113 0.398454 3.42497
9.62122 9.9739 1.17937 0.910513 1.99016 0.67351 1.10637 0.813226 0.190218 0.276298
0.200581 11.1411 0.145386 0.645954 1.78194 1.45813 10.0236 1.96676 0.616338 1.72996
1.05498 0.30695 2.08726 0.248411 1.6564 1.37686 7.41634 0.267 1.11906 1.38829
0.903102 7.34643 1.89005 0.828748 0.316504 2.43662 1.33357 0.154159 4.82767 1.26963
3.78043 0.361277 0.447109 3.18109 0.185026 1.9005 0.143359 8.5473 1.00458 4.82965
0.348288 0.171355 1.48172 11.1545 3.17283 0.124955 0.338177 1.70683 0.434425 4.8204
11.1404 1.53053 1.59624 2.02408 2.10192 1.87883 0.235313 1.89961 0.552099 
>noiseOffset:
>observedSynthesisNoise:
>std_NoiseOffset:
>mutation_prior_mean:
***
0 0 0 0 0 0 0 0 0 0
0 0 0 0 0 0 0 0 0 0
0 0 0 0 0 0 0 0 0 0
0 0 0 0 0 0 0 0 0 0
>mutation_prior_sd:
***
0.35 0.35 0.35 0.35 0.35 0.35 0.35 0.35 0.35 0.35
0.35 0.35 0.35 0.35 0.35 0.35 0.35 0.35 0.35 0.35
0.35 0.35 0.35 0.35 0.35 0.35 0.35 0.35 0.35 0.35
0.35 0.35 0.35 0.35 0.35 0.35 0.35 0.35 0.35 0.35
>std_csp:
4.16123e+18 4.16123e+18 4.16123e+18 1.51791e+78 1.51791e+78 1.51791e+78 1.51791e+78 1.30477e+38 1.30477e+38 1.30477e+38
1.51791e+78 1.9094e+76 1.9094e+76 1.51791e+78 1.5075 1.5075 1.5075 1.5075 1.5075 1.51791e+78
1.15224e+11 1.15224e+11 1.15224e+11 1.51791e+78 3.95813e-05 3.95813e-05 3.95813e-05 3.95813e-05 3.95813e-05 1.25245e+32
1.25245e+32 1.25245e+32 1.75607e+37 1.75607e+37 1.75607e+37 8.07883e+38 8.07883e+38 8.07883e+38 1.51791e+78 1.51791e+78
>currentMutationParameter:
***
-0.207407 0.441056 0.645644 0.250758 0.722535 -0.661767 0.605098 0.0345033 0.408419 0.715699
0.738052 0.0243036 0.666805 -0.570756 0.450956 1.05956 0.549069 0.409834 -0.196043 0.614633
-0.0635834 0.497277 0.582122 -0.511362 -1.19632 -0.771466 -0.160406 0.476347 0.403494 -0.0784245
0.522261 0.646223 -0.176795 0.540641 0.501026 0.132361 0.717795 0.387088 0.504953 0.368376
>currentSelectionParameter:
***
0.555588 -0.050306 1.45679 0.0844443 -0.290315 -0.426439 -0.366804 0.963165 0.484945 0.926349
-0.557534 0.741796 -0.0118914 0.179828 0.280382 1.63262 0.484515 0.700465 0.416422 -0.43451
-0.187037 0.377556 2.54444 -0.361644 -0.152058 0.204581 3.47738 0.254474 2.08007 0.423874
0.0189119 0.745701 0.711683 -0.0309424 0.562093 0.496095 -0.0477142 0.318972 -0.255611 0.621347
>covarianceMatrix:
A
4.70563e-109	0	0	0	0	0	
0	4.70563e-109	0	0	0	0	
0	0	4.70563e-109	0	0	0	
0	0	0	0.031574	0.00150849	0.000735067	
0	0	0	0.00150849	0.00468088	-0.00358433	
0	0	0	0.000735067	-0.00358433	0.313226	
***
>covarianceMatrix:
C
5.37572e-146	0	
0	0.0130922	
***
>covarianceMatrix:
D
5.37572e-146	0	
0	0.0252147	
***
>covarianceMatrix:
E
5.37572e-146	0	
0	0.0291968	
***
>covarianceMatrix:
F
5.37572e-146	0	
0	0.0082289	
***
>covarianceMatrix:
G
1.11666e-149	0	0	0	0	0	
0	1.11666e-149	0	0	0	0	
0	0	1.11666e-149	0	0	0	
0	0	0	0.0992206	-0.00273802	0.0110968	
0	0	0	-0.00273802	0.049794	0.00684502	
0	0	0	0.0110968	0.00684502	0.112737	
***
>covarianceMatrix:
H
5.37572e-146	0	
0	0.0272725	
***
>covarianceMatrix:
I
1.12703e-147	0	0	0	
0	1.12703e-147	0	0	
0	0	0.0476554	0.00105304	
0	0	0.00105304	0.00286863	
***
>covarianceMatrix:
K
5.37572e-146	0	
0	0.00373381	
***
>covarianceMatrix:
L
3.5838e-55	0	0	0	0	0	0	0	0	0	
0	3.5838e-55	0	0	0	0	0	0	0	0	
0	0	3.5838e-55	0	0	0	0	0	0	0	
0	0	0	3.5838e-55	0	0	0	0	0	0	
0	0	0	0	3.5838e-55	0	0	0	0	0	
0	0	0	0	0	0.010957	0.0125189	0.00170883	0.00350034	0.00184745	
0	0	0	0	0	0.0125189	0.160908	0.00369373	-0.00587525	0.00908158	
0	0	0	0	0	0.00170883	0.00369373	0.0351412	0.00154931	-0.000172253	
0	0	0	0	0	0.00350034	-0.00587525	0.00154931	0.0341805	-0.000638735	
0	0	0	0	0	0.00184745	0.00908158	-0.000172253	-0.000638735	0.00884248	
***
>covarianceMatrix:
N
5.37572e-146	0	
0	0.0291294	
***
>covarianceMatrix:
P
2.66603e-103	0	0	0	0	0	
0	2.66603e-103	0	0	0	0	
0	0	2.66603e-103	0	0	0	
0	0	0	0.0126551	0.00918249	0.018934	
0	0	0	0.00918249	0.139834	0.0168419	
0	0	0	0.018934	0.0168419	0.292426	
***
>covarianceMatrix:
Q
5.37572e-146	0	
0	0.0530808	
***
>covarianceMatrix:
R
7.96725e-83	0	0	0	0	0	0	0	0	0	
0	7.96725e-83	0	0	0	0	0	0	0	0	
0	0	7.96725e-83	0	0	0	0	0	0	0	
0	0	0	7.96725e-83	0	0	0	0	0	0	
0	0	0	0	7.96725e-83	0	0	0	0	0	
0	0	0	0	0	0.0097155	0.00725674	0.00805122	0.00893034	0.000723312	
0	0	0	0	0	0.00725674	0.0291637	-0.0153038	0.00663682	-0.00427651	
0	0	0	0	0	0.00805122	-0.0153038	0.802637	-0.0312172	-0.0425597	
0	0	0	0	0	0.00893034	0.00663682	-0.0312172	0.0856223	-0.0348029	
0	0	0	0	0	0.000723312	-0.00427651	-0.0425597	-0.0348029	0.183717	
***
>covarianceMatrix:
S
1.03119e-145	0	0	0	0	0	
0	1.03119e-145	0	0	0	0	
0	0	1.03119e-145	0	0	0	
0	0	0	0.0472429	0.00179115	8.20718e-05	
0	0	0	0.00179115	0.0047042	0.000720009	
0	0	0	8.20718e-05	0.000720009	0.0399169	
***
>covarianceMatrix:
T
3.19637e-147	0	0	0	0	0	
0	3.19637e-147	0	0	0	0	
0	0	3.19637e-147	0	0	0	
0	0	0	0.0267802	0.000484521	0.0048538	
0	0	0	0.000484521	0.00211684	3.20575e-05	
0	0	0	0.0048538	3.20575e-05	0.0437628	
***
>covarianceMatrix:
V
2.5084e-151	0	0	0	0	0	
0	2.5084e-151	0	0	0	0	
0	0	2.5084e-151	0	0	0	
0	0	0	0.0137607	0.000655396	0.0014871	
0	0	0	0.000655396	0.00126612	0.000949926	
0	0	0	0.0014871	0.000949926	0.0103731	
***
>covarianceMatrix:
Y
5.37572e-146	0	
0	0.00709788	
***
>covarianceMatrix:
Z
5.37572e-146	0	
0	0.179124	
***
