>groupList:
A C D E F G H I K L
N P Q R S T V Y Z 
>stdDevSynthesisRate:
1.238 
>numParam:
40
>numMixtures:
1
>std_stdDevSynthesisRate:
0.1
>std_phi:
***
0.1 0.1 0.1 0.1 0.1 0.1 0.1 0.1 0.1 0.1
0.1 0.1 0.1 0.1 0.1 0.1 0.1 0.1 0.1 0.1
0.1 0.1 0.1 0.1 0.1 0.1 0.1 0.1 0.1 0.1
0.1 0.1 0.1 0.1 0.1 0.1 0.1 0.1 0.1 0.1
0.1 0.1 0.1 0.1 0.1 0.1 0.1 0.1 0.1 0.1
0.1 0.1 0.1 0.1 0.1 0.1 0.1 0.1 0.1 0.1
0.1 0.1 0.1 0.1 0.1 0.1 0.1 0.1 0.1 0.1
0.1 0.1 0.1 0.1 0.1 0.1 0.1 0.1 0.1 0.1
0.1 0.1 0.1 0.1 0.1 0.1 0.1 0.1 0.1 0.1
0.1 0.1 0.1 0.1 0.1 0.1 0.1 0.1 0.1 0.1
0.1 0.1 0.1 0.1 0.1 0.1 0.1 0.1 0.1 0.1
0.1 0.1 0.1 0.1 0.1 0.1 0.1 0.1 0.1 0.1
0.1 0.1 0.1 0.1 0.1 0.1 0.1 0.1 0.1 0.1
0.1 0.1 0.1 0.1 0.1 0.1 0.1 0.1 0.1 0.1
0.1 0.1 0.1 0.1 0.1 0.1 0.1 0.1 0.1 0.1
0.1 0.1 0.1 0.1 0.1 0.1 0.1 0.1 0.1 0.1
0.1 0.1 0.1 0.1 0.1 0.1 0.1 0.1 0.1 0.1
0.1 0.1 0.1 0.1 0.1 0.1 0.1 0.1 0.1 0.1
0.1 0.1 0.1 0.1 0.1 0.1 0.1 0.1 0.1 0.1
0.1 0.1 0.1 0.1 0.1 0.1 0.1 0.1 0.1 0.1
0.1 0.1 0.1 0.1 0.1 0.1 0.1 0.1 0.1 0.1
0.1 0.1 0.1 0.1 0.1 0.1 0.1 0.1 0.1 0.1
0.1 0.1 0.1 0.1 0.1 0.1 0.1 0.1 0.1 0.1
0.1 0.1 0.1 0.1 0.1 0.1 0.1 0.1 0.1 0.1
0.1 0.1 0.1 0.1 0.1 0.1 0.1 0.1 0.1 0.1
0.1 0.1 0.1 0.1 
>categories:
0 0
>mixtureAssignment:
0 0 0 0 0 0 0 0 0 0 0 0 0 0 0 0 0 0 0 0 0 0 0 0 0 0 0 0 0 0 0 0 0 0 0 0 0 0 0 0 0 0 0 0 0 0 0 0 0 0
0 0 0 0 0 0 0 0 0 0 0 0 0 0 0 0 0 0 0 0 0 0 0 0 0 0 0 0 0 0 0 0 0 0 0 0 0 0 0 0 0 0 0 0 0 0 0 0 0 0
0 0 0 0 0 0 0 0 0 0 0 0 0 0 0 0 0 0 0 0 0 0 0 0 0 0 0 0 0 0 0 0 0 0 0 0 0 0 0 0 0 0 0 0 0 0 0 0 0 0
0 0 0 0 0 0 0 0 0 0 0 0 0 0 0 0 0 0 0 0 0 0 0 0 0 0 0 0 0 0 0 0 0 0 0 0 0 0 0 0 0 0 0 0 0 0 0 0 0 0
0 0 0 0 0 0 0 0 0 0 0 0 0 0 0 0 0 0 0 0 0 0 0 0 0 0 0 0 0 0 0 0 0 0 0 0 0 0 0 0 0 0 0 0 0 0 0 0 0 0
0 0 0 0 
>numMutationCategories:
1
>numSelectionCategories:
1
>categoryProbabilities:
1 
>selectionIsInMixture:
***
0 
>mutationIsInMixture:
***
0 
>obsPhiSets:
0
>currentSynthesisRateLevel:
***
0.0805135 0.341635 1.0114 6.15615 1.26439 1.28245 2.10567 1.69335 0.672078 8.18589
0.370679 2.76335 0.39264 11.4288 3.50483 0.365003 0.835319 1.3737 0.249247 2.49388
1.08733 0.334961 0.291145 1.0271 2.68203 0.906959 1.0889 0.842863 4.1835 0.431698
7.46856 4.23674 0.434831 1.77939 1.17453 1.31999 0.0949556 0.834349 0.342248 0.683706
0.670435 0.573425 9.90534 1.7294 2.31629 0.609938 0.130302 0.657128 0.82923 0.448078
10.8716 1.25285 1.05147 2.8494 0.256733 2.86137 0.207086 1.94776 0.828065 0.298307
2.20942 1.45742 0.422456 0.968473 0.178297 0.80248 0.294169 0.479653 1.88306 0.381561
1.24266 0.151314 1.41732 0.206077 2.76024 6.10848 0.183407 0.216671 0.805071 0.662577
0.885413 0.445575 0.261789 0.476443 1.09828 0.751198 1.09233 0.571007 0.378622 0.274645
1.34094 0.603671 15.7845 0.670055 0.923493 0.699497 1.90956 9.87322 1.00934 0.677008
0.711406 1.03785 0.116749 1.82103 0.275192 1.0079 0.433506 0.837823 0.384478 0.510831
0.166427 0.510021 8.07389 2.70924 0.850383 1.39086 1.7212 1.34644 0.615464 0.753446
0.735353 0.157646 0.412968 1.08595 0.308868 0.323945 0.136692 1.00427 1.35945 0.858758
14.6265 2.52825 0.970313 0.214367 0.619466 3.70938 4.14016 7.80405 1.43314 0.7496
0.219281 3.16598 1.24504 0.267433 0.56359 0.413245 2.89411 0.72307 0.43936 0.546666
0.506642 4.70221 0.210158 0.210515 3.38736 0.199078 9.61126 0.267644 0.652749 3.45777
0.426409 0.215552 1.01418 8.84163 1.83802 1.04381 0.315534 6.0196 2.62083 7.80863
0.206861 0.191846 6.80728 1.39554 0.875464 2.06774 8.11798 0.28204 2.10329 0.778072
1.55511 0.143891 1.04055 2.16857 0.283072 9.26464 3.57837 0.502904 1.5493 0.288678
7.76369 2.9656 0.281425 0.187865 2.39736 0.35707 2.21623 0.273706 0.258562 0.274494
0.909154 4.66688 0.158047 0.672909 1.60097 0.307184 0.257064 2.86504 2.80539 1.92194
0.293543 3.42497 9.9739 1.99016 0.67351 1.10637 0.190218 11.1411 0.645954 10.0236
1.72996 0.30695 0.248411 1.6564 1.37686 7.41634 0.267 1.11906 7.34643 0.828748
0.316504 2.43662 0.154159 1.26963 3.78043 0.361277 3.18109 1.9005 0.143359 8.5473
4.82965 1.48172 3.17283 0.338177 1.70683 0.434425 4.8204 11.1404 1.59624 2.02408
1.87883 0.235313 1.89961 0.552099 
>noiseOffset:
>observedSynthesisNoise:
>std_NoiseOffset:
>mutation_prior_mean:
***
0 0 0 0 0 0 0 0 0 0
0 0 0 0 0 0 0 0 0 0
0 0 0 0 0 0 0 0 0 0
0 0 0 0 0 0 0 0 0 0
>mutation_prior_sd:
***
0.35 0.35 0.35 0.35 0.35 0.35 0.35 0.35 0.35 0.35
0.35 0.35 0.35 0.35 0.35 0.35 0.35 0.35 0.35 0.35
0.35 0.35 0.35 0.35 0.35 0.35 0.35 0.35 0.35 0.35
0.35 0.35 0.35 0.35 0.35 0.35 0.35 0.35 0.35 0.35
>std_csp:
1.05674e+16 1.05674e+16 1.05674e+16 3.89603e+38 3.89603e+38 3.89603e+38 3.89603e+38 3.22064e+19 3.22064e+19 3.22064e+19
3.89603e+38 2.10729e+37 2.10729e+37 3.89603e+38 0.713287 0.713287 0.713287 0.713287 0.713287 3.89603e+38
2.70602 2.70602 2.70602 3.89603e+38 0.00135369 0.00135369 0.00135369 0.00135369 0.00135369 8.80615e+15
8.80615e+15 8.80615e+15 3.78649e+16 3.78649e+16 3.78649e+16 8.01399e+19 8.01399e+19 8.01399e+19 3.89603e+38 3.89603e+38
>currentMutationParameter:
***
-0.207407 0.441056 0.645644 0.250758 0.722535 -0.661767 0.605098 0.0345033 0.408419 0.715699
0.738052 0.0243036 0.666805 -0.570756 0.450956 1.05956 0.549069 0.409834 -0.196043 0.614633
-0.0635834 0.497277 0.582122 -0.511362 -1.19632 -0.771466 -0.160406 0.476347 0.403494 -0.0784245
0.522261 0.646223 -0.176795 0.540641 0.501026 0.132361 0.717795 0.387088 0.504953 0.368376
>currentSelectionParameter:
***
0.196871 0.118924 0.888128 0.31579 -0.20735 -0.305204 -0.192957 0.848314 0.492836 0.496509
-0.291857 0.656065 -0.147299 0.315219 0.10627 0.775923 0.630428 0.3243 0.0983368 -0.347231
0.104838 0.490903 1.37904 -0.666125 -0.176431 0.261926 1.23748 0.714764 2.49843 0.242278
-0.143264 0.339316 0.566067 -0.115628 0.751832 0.607999 -0.0250122 0.420768 -0.34574 0.547172
>covarianceMatrix:
A
8.08384e-77	0	0	0	0	0	
0	8.08384e-77	0	0	0	0	
0	0	8.08384e-77	0	0	0	
0	0	0	0.0101593	0.00130115	0.00643651	
0	0	0	0.00130115	0.00589849	-0.0011406	
0	0	0	0.00643651	-0.0011406	0.137793	
***
>covarianceMatrix:
C
1.15928e-74	0	
0	0.0948436	
***
>covarianceMatrix:
D
1.15928e-74	0	
0	0.00780458	
***
>covarianceMatrix:
E
1.15928e-74	0	
0	0.027077	
***
>covarianceMatrix:
F
1.15928e-74	0	
0	0.00707402	
***
>covarianceMatrix:
G
9.07777e-80	0	0	0	0	0	
0	9.07777e-80	0	0	0	0	
0	0	9.07777e-80	0	0	0	
0	0	0	0.0486813	0.00335759	0.00224459	
0	0	0	0.00335759	0.0229075	0.00452537	
0	0	0	0.00224459	0.00452537	0.0591826	
***
>covarianceMatrix:
H
1.15928e-74	0	
0	0.00826401	
***
>covarianceMatrix:
I
6.2703e-76	0	0	0	
0	6.2703e-76	0	0	
0	0	0.0362721	0.000702572	
0	0	0.000702572	0.00284189	
***
>covarianceMatrix:
K
1.15928e-74	0	
0	0.00635088	
***
>covarianceMatrix:
L
5.47771e-28	0	0	0	0	0	0	0	0	0	
0	5.47771e-28	0	0	0	0	0	0	0	0	
0	0	5.47771e-28	0	0	0	0	0	0	0	
0	0	0	5.47771e-28	0	0	0	0	0	0	
0	0	0	0	5.47771e-28	0	0	0	0	0	
0	0	0	0	0	0.0139762	0.00353646	0.00133663	0.00185478	0.00144333	
0	0	0	0	0	0.00353646	0.085272	-0.0116462	0.00450255	0.00296571	
0	0	0	0	0	0.00133663	-0.0116462	0.0552352	-0.00139632	-0.000409295	
0	0	0	0	0	0.00185478	0.00450255	-0.00139632	0.0136429	0.000553441	
0	0	0	0	0	0.00144333	0.00296571	-0.000409295	0.000553441	0.0023636	
***
>covarianceMatrix:
N
1.15928e-74	0	
0	0.0179786	
***
>covarianceMatrix:
P
4.70205e-40	0	0	0	0	0	
0	4.70205e-40	0	0	0	0	
0	0	4.70205e-40	0	0	0	
0	0	0	0.0119506	0.0101141	-0.011191	
0	0	0	0.0101141	0.055251	-0.1279	
0	0	0	-0.011191	-0.1279	1.28383	
***
>covarianceMatrix:
Q
1.15928e-74	0	
0	0.073958	
***
>covarianceMatrix:
R
8.27355e-38	0	0	0	0	0	0	0	0	0	
0	8.27355e-38	0	0	0	0	0	0	0	0	
0	0	8.27355e-38	0	0	0	0	0	0	0	
0	0	0	8.27355e-38	0	0	0	0	0	0	
0	0	0	0	8.27355e-38	0	0	0	0	0	
0	0	0	0	0	0.0116461	0.00772575	0.0129664	0.017765	-0.000227856	
0	0	0	0	0	0.00772575	0.0495289	0.00682535	-0.0051773	0.0153085	
0	0	0	0	0	0.0129664	0.00682535	0.460288	-0.0824648	0.135039	
0	0	0	0	0	0.017765	-0.0051773	-0.0824648	0.337315	0.0804047	
0	0	0	0	0	-0.000227856	0.0153085	0.135039	0.0804047	0.268793	
***
>covarianceMatrix:
S
1.44387e-75	0	0	0	0	0	
0	1.44387e-75	0	0	0	0	
0	0	1.44387e-75	0	0	0	
0	0	0	0.0232742	0.00326904	0.00516289	
0	0	0	0.00326904	0.00449093	0.00209218	
0	0	0	0.00516289	0.00209218	0.0536254	
***
>covarianceMatrix:
T
6.20839e-75	0	0	0	0	0	
0	6.20839e-75	0	0	0	0	
0	0	6.20839e-75	0	0	0	
0	0	0	0.0147595	0.000444997	-0.000564306	
0	0	0	0.000444997	0.0024343	0.000619387	
0	0	0	-0.000564306	0.000619387	0.036132	
***
>covarianceMatrix:
V
3.76472e-79	0	0	0	0	0	
0	3.76472e-79	0	0	0	0	
0	0	3.76472e-79	0	0	0	
0	0	0	0.0161249	0.000588732	0.0012961	
0	0	0	0.000588732	0.000911535	0.000496596	
0	0	0	0.0012961	0.000496596	0.0116936	
***
>covarianceMatrix:
Y
1.15928e-74	0	
0	0.0121808	
***
>covarianceMatrix:
Z
1.15928e-74	0	
0	0.228849	
***
