>groupList:
A C D E F G H I K L
N P Q R S T V Y Z 
>stdDevSynthesisRate:
1.238 
>numParam:
40
>numMixtures:
1
>std_stdDevSynthesisRate:
0.1
>std_phi:
***
0.1 0.1 0.1 0.1 0.1 0.1 0.1 0.1 0.1 0.1
0.1 0.1 0.1 0.1 0.1 0.1 0.1 0.1 0.1 0.1
0.1 0.1 0.1 0.1 0.1 0.1 0.1 0.1 0.1 0.1
0.1 0.1 0.1 0.1 0.1 0.1 0.1 0.1 0.1 0.1
0.1 0.1 0.1 0.1 0.1 0.1 0.1 0.1 0.1 0.1
0.1 0.1 0.1 0.1 0.1 0.1 0.1 0.1 0.1 0.1
0.1 0.1 0.1 0.1 0.1 0.1 0.1 0.1 0.1 0.1
0.1 0.1 0.1 0.1 0.1 0.1 0.1 0.1 0.1 0.1
0.1 0.1 0.1 0.1 0.1 0.1 0.1 0.1 0.1 0.1
0.1 0.1 0.1 0.1 0.1 0.1 0.1 0.1 0.1 0.1
0.1 0.1 0.1 0.1 0.1 0.1 0.1 0.1 0.1 0.1
0.1 0.1 0.1 0.1 0.1 0.1 0.1 0.1 0.1 0.1
0.1 0.1 0.1 0.1 0.1 0.1 0.1 0.1 0.1 0.1
0.1 0.1 0.1 0.1 0.1 0.1 0.1 0.1 0.1 0.1
0.1 0.1 0.1 0.1 0.1 0.1 0.1 0.1 0.1 0.1
0.1 0.1 0.1 0.1 0.1 0.1 0.1 0.1 0.1 0.1
0.1 0.1 0.1 0.1 0.1 0.1 0.1 0.1 0.1 0.1
0.1 0.1 0.1 0.1 0.1 0.1 0.1 0.1 0.1 0.1
0.1 0.1 0.1 0.1 0.1 0.1 0.1 0.1 0.1 0.1
0.1 0.1 0.1 0.1 0.1 0.1 0.1 0.1 0.1 0.1
0.1 0.1 0.1 0.1 0.1 0.1 0.1 0.1 0.1 0.1
0.1 0.1 0.1 0.1 0.1 0.1 0.1 0.1 0.1 0.1
0.1 0.1 0.1 0.1 0.1 0.1 0.1 0.1 0.1 0.1
0.1 0.1 0.1 0.1 0.1 0.1 0.1 0.1 0.1 0.1
0.1 0.1 0.1 0.1 0.1 0.1 0.1 0.1 0.1 0.1
0.1 0.1 0.1 0.1 
>categories:
0 0
>mixtureAssignment:
0 0 0 0 0 0 0 0 0 0 0 0 0 0 0 0 0 0 0 0 0 0 0 0 0 0 0 0 0 0 0 0 0 0 0 0 0 0 0 0 0 0 0 0 0 0 0 0 0 0
0 0 0 0 0 0 0 0 0 0 0 0 0 0 0 0 0 0 0 0 0 0 0 0 0 0 0 0 0 0 0 0 0 0 0 0 0 0 0 0 0 0 0 0 0 0 0 0 0 0
0 0 0 0 0 0 0 0 0 0 0 0 0 0 0 0 0 0 0 0 0 0 0 0 0 0 0 0 0 0 0 0 0 0 0 0 0 0 0 0 0 0 0 0 0 0 0 0 0 0
0 0 0 0 0 0 0 0 0 0 0 0 0 0 0 0 0 0 0 0 0 0 0 0 0 0 0 0 0 0 0 0 0 0 0 0 0 0 0 0 0 0 0 0 0 0 0 0 0 0
0 0 0 0 0 0 0 0 0 0 0 0 0 0 0 0 0 0 0 0 0 0 0 0 0 0 0 0 0 0 0 0 0 0 0 0 0 0 0 0 0 0 0 0 0 0 0 0 0 0
0 0 0 0 
>numMutationCategories:
1
>numSelectionCategories:
1
>categoryProbabilities:
1 
>selectionIsInMixture:
***
0 
>mutationIsInMixture:
***
0 
>obsPhiSets:
0
>currentSynthesisRateLevel:
***
0.0805135 0.341635 1.0114 6.15615 1.26439 1.28245 2.10567 1.69335 0.672078 8.18589
0.370679 2.76335 0.39264 11.4288 3.50483 0.365003 0.835319 1.3737 0.249247 2.49388
1.08733 0.334961 0.291145 1.0271 2.68203 0.906959 1.0889 0.842863 4.1835 0.431698
7.46856 4.23674 0.434831 1.77939 1.17453 1.31999 0.0949556 0.834349 0.342248 0.683706
0.670435 0.573425 9.90534 1.7294 2.31629 0.609938 0.130302 0.657128 0.82923 0.448078
10.8716 1.25285 1.05147 2.8494 0.256733 2.86137 0.207086 1.94776 0.828065 0.298307
2.20942 1.45742 0.422456 0.968473 0.178297 0.80248 0.294169 0.479653 1.88306 0.381561
1.24266 0.151314 1.41732 0.206077 2.76024 6.10848 0.183407 0.216671 0.805071 0.662577
0.885413 0.445575 0.261789 0.476443 1.09828 0.751198 1.09233 0.571007 0.378622 0.274645
1.34094 0.603671 15.7845 0.670055 0.923493 0.699497 1.90956 9.87322 1.00934 0.677008
0.711406 1.03785 0.116749 1.82103 0.275192 1.0079 0.433506 0.837823 0.384478 0.510831
0.166427 0.510021 8.07389 2.70924 0.850383 1.39086 1.7212 1.34644 0.615464 0.753446
0.735353 0.157646 0.412968 1.08595 0.308868 0.323945 0.136692 1.00427 1.35945 0.858758
14.6265 2.52825 0.970313 0.214367 0.619466 3.70938 4.14016 7.80405 1.43314 0.7496
0.219281 3.16598 1.24504 0.267433 0.56359 0.413245 2.89411 0.72307 0.43936 0.546666
0.506642 4.70221 0.210158 0.210515 3.38736 0.199078 9.61126 0.267644 0.652749 3.45777
0.426409 0.215552 1.01418 8.84163 1.83802 1.04381 0.315534 6.0196 2.62083 7.80863
0.206861 0.191846 6.80728 1.39554 0.875464 2.06774 8.11798 0.28204 2.10329 0.778072
1.55511 0.143891 1.04055 2.16857 0.283072 9.26464 3.57837 0.502904 1.5493 0.288678
7.76369 2.9656 0.281425 0.187865 2.39736 0.35707 2.21623 0.273706 0.258562 0.274494
0.909154 4.66688 0.158047 0.672909 1.60097 0.307184 0.257064 2.86504 2.80539 1.92194
0.293543 3.42497 9.9739 1.99016 0.67351 1.10637 0.190218 11.1411 0.645954 10.0236
1.72996 0.30695 0.248411 1.6564 1.37686 7.41634 0.267 1.11906 7.34643 0.828748
0.316504 2.43662 0.154159 1.26963 3.78043 0.361277 3.18109 1.9005 0.143359 8.5473
4.82965 1.48172 3.17283 0.338177 1.70683 0.434425 4.8204 11.1404 1.59624 2.02408
1.87883 0.235313 1.89961 0.552099 
>noiseOffset:
>observedSynthesisNoise:
>std_NoiseOffset:
>mutation_prior_mean:
***
0 0 0 0 0 0 0 0 0 0
0 0 0 0 0 0 0 0 0 0
0 0 0 0 0 0 0 0 0 0
0 0 0 0 0 0 0 0 0 0
>mutation_prior_sd:
***
0.35 0.35 0.35 0.35 0.35 0.35 0.35 0.35 0.35 0.35
0.35 0.35 0.35 0.35 0.35 0.35 0.35 0.35 0.35 0.35
0.35 0.35 0.35 0.35 0.35 0.35 0.35 0.35 0.35 0.35
0.35 0.35 0.35 0.35 0.35 0.35 0.35 0.35 0.35 0.35
>std_csp:
2.47293e+07 2.47293e+07 2.47293e+07 6.24182e+18 6.24182e+18 6.24182e+18 6.24182e+18 2.35908e+09 2.35908e+09 2.35908e+09
6.24182e+18 1.00809e+18 1.00809e+18 6.24182e+18 0.286654 0.286654 0.286654 0.286654 0.286654 6.24182e+18
0.38773 0.38773 0.38773 6.24182e+18 0.0333977 0.0333977 0.0333977 0.0333977 0.0333977 6.15344e+07
6.15344e+07 6.15344e+07 5.12787e+07 5.12787e+07 5.12787e+07 2.8309e+09 2.8309e+09 2.8309e+09 6.24182e+18 6.24182e+18
>currentMutationParameter:
***
-0.207407 0.441056 0.645644 0.250758 0.722535 -0.661767 0.605098 0.0345033 0.408419 0.715699
0.738052 0.0243036 0.666805 -0.570756 0.450956 1.05956 0.549069 0.409834 -0.196043 0.614633
-0.0635834 0.497277 0.582122 -0.511362 -1.19632 -0.771466 -0.160406 0.476347 0.403494 -0.0784245
0.522261 0.646223 -0.176795 0.540641 0.501026 0.132361 0.717795 0.387088 0.504953 0.368376
>currentSelectionParameter:
***
0.404097 0.276754 0.772518 0.504153 -0.264751 -0.679995 -0.325908 0.989148 0.425913 0.996176
-0.0638862 0.869405 -0.207046 0.371154 0.252549 1.16299 0.929898 0.303459 0.133247 -0.204664
0.00568381 0.0648071 3.0166 -0.418729 -0.215088 0.650284 2.72821 3.27731 3.60322 0.207822
-0.0750902 0.319161 0.462207 -0.130457 0.34691 0.356167 -0.104609 0.357044 -0.433199 -0.0844148
>covarianceMatrix:
A
5.69975e-40	0	0	0	0	0	
0	5.69975e-40	0	0	0	0	
0	0	5.69975e-40	0	0	0	
0	0	0	0.0168803	0.00249815	-0.00434663	
0	0	0	0.00249815	0.00909284	0.00351919	
0	0	0	-0.00434663	0.00351919	0.141071	
***
>covarianceMatrix:
C
5.38349e-39	0	
0	0.104774	
***
>covarianceMatrix:
D
5.38349e-39	0	
0	0.00608706	
***
>covarianceMatrix:
E
5.38349e-39	0	
0	0.0255631	
***
>covarianceMatrix:
F
5.38349e-39	0	
0	0.00551521	
***
>covarianceMatrix:
G
1.98798e-42	0	0	0	0	0	
0	1.98798e-42	0	0	0	0	
0	0	1.98798e-42	0	0	0	
0	0	0	0.0351255	0.0034578	0.0067552	
0	0	0	0.0034578	0.0198407	0.00207699	
0	0	0	0.0067552	0.00207699	0.0364579	
***
>covarianceMatrix:
H
5.38349e-39	0	
0	0.0099171	
***
>covarianceMatrix:
I
8.69464e-40	0	0	0	
0	8.69464e-40	0	0	
0	0	0.0377015	0.0018123	
0	0	0.0018123	0.00310177	
***
>covarianceMatrix:
K
5.38349e-39	0	
0	0.00593645	
***
>covarianceMatrix:
L
9.72907e-16	0	0	0	0	0	0	0	0	0	
0	9.72907e-16	0	0	0	0	0	0	0	0	
0	0	9.72907e-16	0	0	0	0	0	0	0	
0	0	0	9.72907e-16	0	0	0	0	0	0	
0	0	0	0	9.72907e-16	0	0	0	0	0	
0	0	0	0	0	0.00848788	-0.00664336	0.00623706	0.000913077	0.00124852	
0	0	0	0	0	-0.00664336	0.143322	0.00644581	0.00154902	-0.00313273	
0	0	0	0	0	0.00623706	0.00644581	0.0437117	0.00356034	0.000495144	
0	0	0	0	0	0.000913077	0.00154902	0.00356034	0.00840019	0.000293644	
0	0	0	0	0	0.00124852	-0.00313273	0.000495144	0.000293644	0.00328809	
***
>covarianceMatrix:
N
5.38349e-39	0	
0	0.0124389	
***
>covarianceMatrix:
P
4.84874e-22	0	0	0	0	0	
0	4.84874e-22	0	0	0	0	
0	0	4.84874e-22	0	0	0	
0	0	0	0.00984138	0.00347013	0.0348601	
0	0	0	0.00347013	0.0185818	0.0165966	
0	0	0	0.0348601	0.0165966	1.08788	
***
>covarianceMatrix:
Q
5.38349e-39	0	
0	0.0755978	
***
>covarianceMatrix:
R
8.88272e-20	0	0	0	0	0	0	0	0	0	
0	8.88272e-20	0	0	0	0	0	0	0	0	
0	0	8.88272e-20	0	0	0	0	0	0	0	
0	0	0	8.88272e-20	0	0	0	0	0	0	
0	0	0	0	8.88272e-20	0	0	0	0	0	
0	0	0	0	0	0.0119386	0.010004	0.0197855	0.00388474	-0.00618832	
0	0	0	0	0	0.010004	0.052847	0.0037073	0.00350306	0.00412318	
0	0	0	0	0	0.0197855	0.0037073	0.673829	0.0329686	0.047382	
0	0	0	0	0	0.00388474	0.00350306	0.0329686	0.347669	0.1294	
0	0	0	0	0	-0.00618832	0.00412318	0.047382	0.1294	0.726203	
***
>covarianceMatrix:
S
3.93967e-39	0	0	0	0	0	
0	3.93967e-39	0	0	0	0	
0	0	3.93967e-39	0	0	0	
0	0	0	0.0213526	0.00148752	0.00174513	
0	0	0	0.00148752	0.00420564	0.00142084	
0	0	0	0.00174513	0.00142084	0.0276021	
***
>covarianceMatrix:
T
5.47176e-39	0	0	0	0	0	
0	5.47176e-39	0	0	0	0	
0	0	5.47176e-39	0	0	0	
0	0	0	0.0197581	0.00247227	0.00110349	
0	0	0	0.00247227	0.003145	-0.0013288	
0	0	0	0.00110349	-0.0013288	0.0526883	
***
>covarianceMatrix:
V
1.10443e-41	0	0	0	0	0	
0	1.10443e-41	0	0	0	0	
0	0	1.10443e-41	0	0	0	
0	0	0	0.0143145	-0.000297309	0.00055572	
0	0	0	-0.000297309	0.00126316	0.000449169	
0	0	0	0.00055572	0.000449169	0.00981875	
***
>covarianceMatrix:
Y
5.38349e-39	0	
0	0.0154933	
***
>covarianceMatrix:
Z
5.38349e-39	0	
0	0.24552	
***
