>groupList:
A C D E F G H I K L
N P Q R S T V Y Z 
>stdDevSynthesisRate:
0.01 
>numParam:
40
>numMixtures:
1
>std_stdDevSynthesisRate:
0.1
>std_phi:
***
0.1 0.1 0.1 0.1 0.1 0.1 0.1 0.1 0.1 0.1
0.1 0.1 0.1 0.1 0.1 0.1 0.1 0.1 0.1 0.1
0.1 0.1 0.1 0.1 0.1 0.1 0.1 0.1 0.1 0.1
0.1 0.1 0.1 0.1 0.1 0.1 0.1 0.1 0.1 0.1
0.1 0.1 0.1 0.1 0.1 0.1 0.1 0.1 0.1 0.1
0.1 0.1 0.1 0.1 0.1 0.1 0.1 0.1 0.1 0.1
0.1 0.1 0.1 0.1 0.1 0.1 0.1 0.1 0.1 0.1
0.1 0.1 0.1 0.1 0.1 0.1 0.1 0.1 0.1 0.1
0.1 0.1 0.1 0.1 0.1 0.1 0.1 0.1 0.1 0.1
0.1 0.1 0.1 0.1 0.1 0.1 0.1 0.1 0.1 0.1
0.1 0.1 0.1 0.1 0.1 0.1 0.1 0.1 0.1 0.1
0.1 0.1 0.1 0.1 0.1 0.1 0.1 0.1 0.1 0.1
0.1 0.1 0.1 0.1 0.1 0.1 0.1 0.1 0.1 0.1
0.1 0.1 0.1 0.1 0.1 0.1 0.1 0.1 0.1 0.1
0.1 0.1 0.1 0.1 0.1 0.1 0.1 0.1 0.1 0.1
0.1 0.1 0.1 0.1 0.1 0.1 0.1 0.1 0.1 0.1
0.1 0.1 0.1 0.1 0.1 0.1 0.1 0.1 0.1 0.1
0.1 0.1 0.1 0.1 0.1 0.1 0.1 0.1 0.1 0.1
0.1 0.1 0.1 0.1 0.1 0.1 0.1 0.1 0.1 0.1
0.1 0.1 0.1 0.1 0.1 0.1 0.1 0.1 0.1 0.1
0.1 0.1 0.1 0.1 0.1 0.1 0.1 0.1 0.1 0.1
0.1 0.1 0.1 0.1 0.1 0.1 0.1 0.1 0.1 0.1
0.1 0.1 0.1 0.1 0.1 0.1 0.1 0.1 0.1 0.1
0.1 0.1 0.1 0.1 0.1 0.1 0.1 0.1 0.1 0.1
0.1 0.1 0.1 0.1 0.1 0.1 0.1 0.1 0.1 0.1
0.1 0.1 0.1 0.1 0.1 0.1 0.1 0.1 0.1 0.1
0.1 0.1 0.1 0.1 0.1 
>categories:
0 0
>mixtureAssignment:
0 0 0 0 0 0 0 0 0 0 0 0 0 0 0 0 0 0 0 0 0 0 0 0 0 0 0 0 0 0 0 0 0 0 0 0 0 0 0 0 0 0 0 0 0 0 0 0 0 0
0 0 0 0 0 0 0 0 0 0 0 0 0 0 0 0 0 0 0 0 0 0 0 0 0 0 0 0 0 0 0 0 0 0 0 0 0 0 0 0 0 0 0 0 0 0 0 0 0 0
0 0 0 0 0 0 0 0 0 0 0 0 0 0 0 0 0 0 0 0 0 0 0 0 0 0 0 0 0 0 0 0 0 0 0 0 0 0 0 0 0 0 0 0 0 0 0 0 0 0
0 0 0 0 0 0 0 0 0 0 0 0 0 0 0 0 0 0 0 0 0 0 0 0 0 0 0 0 0 0 0 0 0 0 0 0 0 0 0 0 0 0 0 0 0 0 0 0 0 0
0 0 0 0 0 0 0 0 0 0 0 0 0 0 0 0 0 0 0 0 0 0 0 0 0 0 0 0 0 0 0 0 0 0 0 0 0 0 0 0 0 0 0 0 0 0 0 0 0 0
0 0 0 0 0 0 0 0 0 0 0 0 0 0 0 
>numMutationCategories:
1
>numSelectionCategories:
1
>categoryProbabilities:
1 
>selectionIsInMixture:
***
0 
>mutationIsInMixture:
***
0 
>obsPhiSets:
0
>currentSynthesisRateLevel:
***
2.0554 0.144042 1.57055 0.228841 11.1375 6.42316 0.341635 0.723517 1.42988 1.46651
0.370679 1.33894 0.461963 0.300016 0.398113 0.130642 0.365003 0.264706 0.991831 0.262976
1.3737 2.24372 1.75479 2.04656 0.778587 0.493067 5.32052 0.756859 10.651 0.334961
0.271411 9.46943 1.19407 1.0271 8.63403 9.53792 4.15137 0.183188 1.33819 4.1835
0.553192 0.151885 3.09748 0.480984 1.23112 0.154763 0.108803 0.908871 0.238729 2.33847
1.27822 0.19597 2.31629 0.609938 0.502988 0.236379 8.36312 0.82923 2.44538 0.433466
1.02121 0.307899 5.5807 6.17463 2.6513 0.717264 0.840313 2.8494 0.256733 1.29696
1.37064 8.86204 0.828065 0.298307 0.742249 1.07561 6.56725 2.20942 1.45742 0.968473
0.178297 0.479653 5.56481 0.477769 0.544466 0.660895 0.206077 0.183407 2.11552 1.28507
9.15098 2.28343 0.445575 0.668578 1.09233 0.232455 0.334145 0.571007 3.07376 0.891281
0.560035 0.161575 1.45898 0.506275 7.96138 0.318924 0.642526 0.135817 0.592877 1.97341
0.0861637 0.603174 1.72406 8.24896 5.69497 2.14807 3.12919 0.5985 2.43516 2.09846
2.31956 7.73978 0.999777 0.313612 7.26277 0.157646 2.22303 1.52331 0.412968 5.26018
9.02113 0.276976 6.92876 0.15838 0.308868 1.00427 2.74683 1.1507 0.800783 0.858758
0.870283 0.313529 0.320632 3.0781 0.31351 10.5522 0.219281 9.36038 0.489147 1.81707
0.338328 0.665541 1.61701 1.24504 0.979468 0.755419 0.896717 1.71804 1.69879 1.58754
1.35992 0.627281 0.745827 0.585112 8.30363 0.18084 0.210158 0.658427 0.128295 0.331019
3.97241 0.162708 0.234264 0.290306 1.04381 6.0196 2.62083 0.377579 6.3655 0.206861
1.13169 2.3237 1.37069 6.63061 1.75302 0.474339 0.79607 0.485731 0.845765 7.8244
10.1513 2.10329 0.461998 0.540375 1.19416 1.55511 0.143891 1.10837 2.16857 0.190896
8.15021 6.55668 0.225631 5.71104 1.5493 0.163888 0.383988 5.18397 0.443001 0.424545
1.79278 0.198091 0.230213 0.950643 0.835717 0.158047 1.60097 0.247113 0.862771 1.92194
1.36113 7.88955 8.86472 0.512226 0.910513 1.24618 2.63349 0.145386 0.6112 3.71508
0.344173 1.00554 5.14704 0.945836 7.58878 0.248411 0.210441 0.835061 0.480651 0.66728
0.316504 0.527316 0.528004 11.3176 1.77165 1.77973 0.39862 3.18109 0.247963 0.143359
8.5473 0.264942 2.22402 0.282088 1.15998 0.260682 3.31685 0.645363 0.279032 9.64198
0.908182 2.10192 1.79642 0.639551 0.124565 
>noiseOffset:
>observedSynthesisNoise:
>mutation_prior_mean:
***
0 0 0 0 0 0 0 0 0 0
0 0 0 0 0 0 0 0 0 0
0 0 0 0 0 0 0 0 0 0
0 0 0 0 0 0 0 0 0 0
>mutation_prior_sd:
***
0.35 0.35 0.35 0.35 0.35 0.35 0.35 0.35 0.35 0.35
0.35 0.35 0.35 0.35 0.35 0.35 0.35 0.35 0.35 0.35
0.35 0.35 0.35 0.35 0.35 0.35 0.35 0.35 0.35 0.35
0.35 0.35 0.35 0.35 0.35 0.35 0.35 0.35 0.35 0.35
>std_NoiseOffset:
>std_csp:
0.13824 0.13824 0.13824 11.4475 0.89161 2.21861 1.84884 0.0815373 0.0815373 0.0815373
5.29979 0.298598 0.298598 1.23256 0.0434865 0.0434865 0.0434865 0.0434865 0.0434865 1.5407
0.165888 0.165888 0.165888 9.53962 0.0347892 0.0347892 0.0347892 0.0347892 0.0347892 0.110592
0.110592 0.110592 0.101922 0.101922 0.101922 0.13271 0.13271 0.13271 3.68041 11.4475
>currentMutationParameter:
***
-0.207407 0.441056 0.645644 0.250758 0.722535 -0.661767 0.605098 0.0345033 0.408419 0.715699
0.738052 0.0243036 0.666805 -0.570756 0.450956 1.05956 0.549069 0.409834 -0.196043 0.614633
-0.0635834 0.497277 0.582122 -0.511362 -1.19632 -0.771466 -0.160406 0.476347 0.403494 -0.0784245
0.522261 0.646223 -0.176795 0.540641 0.501026 0.132361 0.717795 0.387088 0.504953 0.368376
>currentSelectionParameter:
***
0.556077 0.0377627 0.656419 0.199912 -0.0681834 -0.238198 -0.165512 0.900652 0.332443 0.679671
-0.40273 0.987056 -0.0113839 0.270587 0.311079 0.530529 0.668559 0.611841 0.225771 -0.354382
-0.305647 0.518101 0.551781 -0.586608 -0.0570226 0.400357 1.54027 0.373632 2.25251 0.258794
-0.0207909 0.31063 0.678758 -0.0826764 0.672718 0.902461 0.00172408 0.499854 -0.340802 0.188305
>covarianceMatrix:
A
0.00773967	0	0	0	0	0	
0	0.00773967	0	0	0	0	
0	0	0.00773967	0	0	0	
0	0	0	0.00998915	0.00024633	0.000401595	
0	0	0	0.00024633	0.00819383	4.62735e-05	
0	0	0	0.000401595	4.62735e-05	0.0112747	
***
>covarianceMatrix:
C
0.286189	0	
0	0.286189	
***
>covarianceMatrix:
D
0.0222903	0	
0	0.0222903	
***
>covarianceMatrix:
E
0.0554653	0	
0	0.0554653	
***
>covarianceMatrix:
F
0.0462211	0	
0	0.0462211	
***
>covarianceMatrix:
G
0.00299512	0	0	0	0	0	
0	0.00299512	0	0	0	0	
0	0	0.00299512	0	0	0	
0	0	0	0.00994596	0.000888932	0.000741677	
0	0	0	0.000888932	0.00475319	0.000331185	
0	0	0	0.000741677	0.000331185	0.013549	
***
>covarianceMatrix:
H
0.0993711	0	
0	0.102118	
***
>covarianceMatrix:
I
0.0222903	0	0	0	
0	0.0222903	0	0	
0	0	0.0222903	0	
0	0	0	0.0222903	
***
>covarianceMatrix:
K
0.0231105	0	
0	0.0234147	
***
>covarianceMatrix:
L
0.00146529	0	0	0	0	0	0	0	0	0	
0	0.00146529	0	0	0	0	0	0	0	0	
0	0	0.00146529	0	0	0	0	0	0	0	
0	0	0	0.00146529	0	0	0	0	0	0	
0	0	0	0	0.00146529	0	0	0	0	0	
0	0	0	0	0	0.00605443	0.000356748	0.00127269	-0.000557715	0.000198862	
0	0	0	0	0	0.000356748	0.0324137	0.00375152	0.000553911	0.0012527	
0	0	0	0	0	0.00127269	0.00375152	0.0201019	0.000741236	0.000514541	
0	0	0	0	0	-0.000557715	0.000553911	0.000741236	0.0144087	0.0015727	
0	0	0	0	0	0.000198862	0.0012527	0.000514541	0.0015727	0.00370397	
***
>covarianceMatrix:
N
0.0385176	0	
0	0.0385176	
***
>covarianceMatrix:
P
0.0133742	0	0	0	0	0	
0	0.0133742	0	0	0	0	
0	0	0.0133742	0	0	0	
0	0	0	0.0139124	0.000240794	0.000403993	
0	0	0	0.000240794	0.0177816	0.000629509	
0	0	0	0.000403993	0.000629509	0.017465	
***
>covarianceMatrix:
Q
0.238491	0	
0	0.238491	
***
>covarianceMatrix:
R
0.000879172	0	0	0	0	0	0	0	0	0	
0	0.000879172	0	0	0	0	0	0	0	0	
0	0	0.000879172	0	0	0	0	0	0	0	
0	0	0	0.000879172	0	0	0	0	0	0	
0	0	0	0	0.000879172	0	0	0	0	0	
0	0	0	0	0	0.00227727	0.000919374	0.0021859	0.00107538	0.00246454	
0	0	0	0	0	0.000919374	0.00644562	0.00113327	0.000123341	0.00301541	
0	0	0	0	0	0.0021859	0.00113327	0.158493	0.00392902	-0.0712919	
0	0	0	0	0	0.00107538	0.000123341	0.00392902	0.0199662	0.0130571	
0	0	0	0	0	0.00246454	0.00301541	-0.0712919	0.0130571	0.689123	
***
>covarianceMatrix:
S
0.0046438	0	0	0	0	0	
0	0.0046438	0	0	0	0	
0	0	0.0046438	0	0	0	
0	0	0	0.00684583	0.000400525	0.00120164	
0	0	0	0.000400525	0.0053493	0.000692508	
0	0	0	0.00120164	0.000692508	0.012662	
***
>covarianceMatrix:
T
0.00499187	0	0	0	0	0	
0	0.00499187	0	0	0	0	
0	0	0.00499187	0	0	0	
0	0	0	0.0131283	0.00109873	0.00231721	
0	0	0	0.00109873	0.00672404	0.000817569	
0	0	0	0.00231721	0.000817569	0.0223463	
***
>covarianceMatrix:
V
0.00802449	0	0	0	0	0	
0	0.00802449	0	0	0	0	
0	0	0.00802449	0	0	0	
0	0	0	0.0247896	0.000161971	0.0019401	
0	0	0	0.000161971	0.00928652	-0.000115563	
0	0	0	0.0019401	-0.000115563	0.0138849	
***
>covarianceMatrix:
Y
0.0690077	0	
0	0.0699802	
***
>covarianceMatrix:
Z
0.286189	0	
0	0.286189	
***
