>groupList:
A C D E F G H I K L
N P Q R S T V Y Z 
>stdDevSynthesisRate:
1.238 
>numParam:
40
>numMixtures:
1
>std_stdDevSynthesisRate:
0.1
>std_phi:
***
0.1 0.1 0.1 0.1 0.1 0.1 0.1 0.1 0.1 0.1
0.1 0.1 0.1 0.1 0.1 0.1 0.1 0.1 0.1 0.1
0.1 0.1 0.1 0.1 0.1 0.1 0.1 0.1 0.1 0.1
0.1 0.1 0.1 0.1 0.1 0.1 0.1 0.1 0.1 0.1
0.1 0.1 0.1 0.1 0.1 0.1 0.1 0.1 0.1 0.1
0.1 0.1 0.1 0.1 0.1 0.1 0.1 0.1 0.1 0.1
0.1 0.1 0.1 0.1 0.1 0.1 0.1 0.1 0.1 0.1
0.1 0.1 0.1 0.1 0.1 0.1 0.1 0.1 0.1 0.1
0.1 0.1 0.1 0.1 0.1 0.1 0.1 0.1 0.1 0.1
0.1 0.1 0.1 0.1 0.1 0.1 0.1 0.1 0.1 0.1
0.1 0.1 0.1 0.1 0.1 0.1 0.1 0.1 0.1 0.1
0.1 0.1 0.1 0.1 0.1 0.1 0.1 0.1 0.1 0.1
0.1 0.1 0.1 0.1 0.1 0.1 0.1 0.1 0.1 0.1
0.1 0.1 0.1 0.1 0.1 0.1 0.1 0.1 0.1 0.1
0.1 0.1 0.1 0.1 0.1 0.1 0.1 0.1 0.1 0.1
0.1 0.1 0.1 0.1 0.1 0.1 0.1 0.1 0.1 0.1
0.1 0.1 0.1 0.1 0.1 0.1 0.1 0.1 0.1 0.1
0.1 0.1 0.1 0.1 0.1 0.1 0.1 0.1 0.1 0.1
0.1 0.1 0.1 0.1 0.1 0.1 0.1 0.1 0.1 0.1
0.1 0.1 0.1 0.1 0.1 0.1 0.1 0.1 0.1 0.1
0.1 0.1 0.1 0.1 0.1 0.1 0.1 0.1 0.1 0.1
0.1 0.1 0.1 0.1 0.1 0.1 0.1 0.1 0.1 0.1
0.1 0.1 0.1 0.1 0.1 0.1 0.1 0.1 0.1 0.1
0.1 0.1 0.1 0.1 0.1 0.1 0.1 0.1 0.1 0.1
0.1 0.1 0.1 0.1 0.1 0.1 0.1 0.1 0.1 0.1
0.1 0.1 0.1 0.1 
>categories:
0 0
>mixtureAssignment:
0 0 0 0 0 0 0 0 0 0 0 0 0 0 0 0 0 0 0 0 0 0 0 0 0 0 0 0 0 0 0 0 0 0 0 0 0 0 0 0 0 0 0 0 0 0 0 0 0 0
0 0 0 0 0 0 0 0 0 0 0 0 0 0 0 0 0 0 0 0 0 0 0 0 0 0 0 0 0 0 0 0 0 0 0 0 0 0 0 0 0 0 0 0 0 0 0 0 0 0
0 0 0 0 0 0 0 0 0 0 0 0 0 0 0 0 0 0 0 0 0 0 0 0 0 0 0 0 0 0 0 0 0 0 0 0 0 0 0 0 0 0 0 0 0 0 0 0 0 0
0 0 0 0 0 0 0 0 0 0 0 0 0 0 0 0 0 0 0 0 0 0 0 0 0 0 0 0 0 0 0 0 0 0 0 0 0 0 0 0 0 0 0 0 0 0 0 0 0 0
0 0 0 0 0 0 0 0 0 0 0 0 0 0 0 0 0 0 0 0 0 0 0 0 0 0 0 0 0 0 0 0 0 0 0 0 0 0 0 0 0 0 0 0 0 0 0 0 0 0
0 0 0 0 
>numMutationCategories:
1
>numSelectionCategories:
1
>categoryProbabilities:
1 
>selectionIsInMixture:
***
0 
>mutationIsInMixture:
***
0 
>obsPhiSets:
0
>currentSynthesisRateLevel:
***
0.662577 0.970313 0.828748 15.7845 0.207086 1.89961 1.55511 0.210158 0.315534 1.35945
1.31999 0.267 0.274494 1.0079 0.275192 1.01418 1.26963 0.210515 1.83802 0.378622
0.413245 1.10637 9.61126 4.23674 0.672078 1.04055 7.41634 0.342248 8.18589 3.78043
0.434831 0.136692 1.00934 0.506642 2.76335 0.199078 0.552099 1.6564 0.657128 1.70683
11.1411 2.86137 0.235313 0.257064 6.80728 1.0114 0.476443 0.258562 0.619466 0.834349
0.412968 0.214367 0.274645 0.361277 9.9739 0.80248 0.906959 2.68203 1.3737 1.69335
4.70221 0.677008 2.52825 0.219281 2.06774 0.206861 1.28245 0.323945 0.652749 0.370679
0.283072 0.842863 1.45742 0.82923 7.76369 2.10567 0.261789 0.43936 3.16598 1.48172
2.43662 0.143359 0.384478 1.09233 2.70924 0.510021 8.07389 8.11798 0.431698 2.49388
1.92194 0.683706 11.4288 0.778072 0.341635 1.43314 0.143891 0.267644 0.7496 0.191846
1.7294 14.6265 1.0271 4.14016 0.850383 0.187865 0.448078 1.41732 9.90534 0.116749
1.00427 4.66688 1.24266 0.828065 0.510831 0.178297 0.711406 0.835319 0.183407 1.34644
2.80539 0.308868 1.59624 2.20942 0.338177 0.837823 1.7212 1.05147 2.86504 0.645954
10.0236 0.885413 0.426409 3.57837 0.603671 9.26464 0.381561 0.307184 1.77939 0.256733
1.26439 9.87322 1.82103 0.154159 0.215552 2.21623 1.72996 6.15615 7.46856 2.9656
0.35707 0.67351 0.28204 0.291145 0.288678 0.615464 0.735353 1.94776 0.206077 0.875464
3.50483 2.62083 1.5493 1.03785 0.151314 8.84163 1.60097 1.39086 0.0805135 1.87883
4.82965 0.157646 0.573425 0.670055 0.672909 0.30695 1.88306 1.11906 0.968473 10.8716
2.8494 1.39554 0.316504 2.10329 0.293543 0.248411 0.365003 0.72307 0.0949556 0.670435
0.267433 0.158047 0.753446 2.39736 7.80863 0.571007 0.609938 6.10848 0.39264 0.166427
1.34094 3.42497 1.08595 0.56359 0.334961 0.422456 0.909154 0.249247 0.751198 1.37686
3.70938 7.34643 1.09828 0.479653 3.17283 3.38736 4.8204 1.04381 0.433506 2.16857
2.89411 0.298307 1.25285 8.5473 0.445575 1.0889 1.08733 2.31629 0.273706 1.9005
0.502904 1.90956 0.216671 0.858758 1.24504 3.45777 2.02408 1.17453 6.0196 0.923493
0.281425 0.699497 0.190218 0.805071 0.294169 4.1835 3.18109 11.1404 0.434425 2.76024
1.99016 7.80405 0.546666 0.130302 
>noiseOffset:
>observedSynthesisNoise:
>std_NoiseOffset:
>mutation_prior_mean:
***
0 0 0 0 0 0 0 0 0 0
0 0 0 0 0 0 0 0 0 0
0 0 0 0 0 0 0 0 0 0
0 0 0 0 0 0 0 0 0 0
>mutation_prior_sd:
***
0.35 0.35 0.35 0.35 0.35 0.35 0.35 0.35 0.35 0.35
0.35 0.35 0.35 0.35 0.35 0.35 0.35 0.35 0.35 0.35
0.35 0.35 0.35 0.35 0.35 0.35 0.35 0.35 0.35 0.35
0.35 0.35 0.35 0.35 0.35 0.35 0.35 0.35 0.35 0.35
>std_csp:
2.31559e+33 2.31559e+33 2.31559e+33 1.51791e+78 1.51791e+78 1.51791e+78 1.51791e+78 2.25466e+38 2.25466e+38 2.25466e+38
1.51791e+78 5.32876e+75 5.32876e+75 1.51791e+78 2.26125 2.26125 2.26125 2.26125 2.26125 1.51791e+78
2.93093e+23 2.93093e+23 2.93093e+23 1.51791e+78 0.00548244 0.00548244 0.00548244 0.00548244 0.00548244 4.58055e+35
4.58055e+35 4.58055e+35 5.64522e+30 5.64522e+30 5.64522e+30 4.77191e+41 4.77191e+41 4.77191e+41 1.51791e+78 1.51791e+78
>currentMutationParameter:
***
-0.207407 0.441056 0.645644 0.250758 0.722535 -0.661767 0.605098 0.0345033 0.408419 0.715699
0.738052 0.0243036 0.666805 -0.570756 0.450956 1.05956 0.549069 0.409834 -0.196043 0.614633
-0.0635834 0.497277 0.582122 -0.511362 -1.19632 -0.771466 -0.160406 0.476347 0.403494 -0.0784245
0.522261 0.646223 -0.176795 0.540641 0.501026 0.132361 0.717795 0.387088 0.504953 0.368376
>currentSelectionParameter:
***
0.419807 0.102297 1.11092 -0.0205344 -0.11588 -0.354481 -0.703672 1.80271 0.400564 0.409181
-0.196844 1.14488 -0.00877264 0.185557 0.439651 0.770022 0.599788 0.621478 0.249706 -0.414377
-0.311592 0.616703 1.0657 -0.426244 -0.339717 0.270636 2.62439 0.288416 1.87391 0.775356
-0.0645216 0.217791 0.398048 -0.0702181 0.835118 0.528094 -0.080725 0.300809 -0.349607 -0.439502
>covarianceMatrix:
A
6.75802e-141	0	0	0	0	0	
0	6.75802e-141	0	0	0	0	
0	0	6.75802e-141	0	0	0	
0	0	0	0.0310283	0.00220346	0.0125752	
0	0	0	0.00220346	0.00673548	0.00138631	
0	0	0	0.0125752	0.00138631	0.0898199	
***
>covarianceMatrix:
C
5.37572e-146	0	
0	0.0124457	
***
>covarianceMatrix:
D
5.37572e-146	0	
0	0.00619905	
***
>covarianceMatrix:
E
5.37572e-146	0	
0	0.0318057	
***
>covarianceMatrix:
F
5.37572e-146	0	
0	0.0149444	
***
>covarianceMatrix:
G
2.52018e-152	0	0	0	0	0	
0	2.52018e-152	0	0	0	0	
0	0	2.52018e-152	0	0	0	
0	0	0	0.139118	0.0175283	0.00814198	
0	0	0	0.0175283	0.0253793	0.00978856	
0	0	0	0.00814198	0.00978856	0.0906482	
***
>covarianceMatrix:
H
5.37572e-146	0	
0	0.0101807	
***
>covarianceMatrix:
I
1.8872e-148	0	0	0	
0	1.8872e-148	0	0	
0	0	0.0422481	0.000604778	
0	0	0.000604778	0.00260808	
***
>covarianceMatrix:
K
5.37572e-146	0	
0	0.00533143	
***
>covarianceMatrix:
L
2.48874e-54	0	0	0	0	0	0	0	0	0	
0	2.48874e-54	0	0	0	0	0	0	0	0	
0	0	2.48874e-54	0	0	0	0	0	0	0	
0	0	0	2.48874e-54	0	0	0	0	0	0	
0	0	0	0	2.48874e-54	0	0	0	0	0	
0	0	0	0	0	0.00547599	0.00546369	-0.000234742	0.00120278	0.000642761	
0	0	0	0	0	0.00546369	0.186606	0.0233454	0.0304666	-0.000406544	
0	0	0	0	0	-0.000234742	0.0233454	0.0288235	0.000835256	0.00152847	
0	0	0	0	0	0.00120278	0.0304666	0.000835256	0.0223823	-0.00045423	
0	0	0	0	0	0.000642761	-0.000406544	0.00152847	-0.00045423	0.00235748	
***
>covarianceMatrix:
N
5.37572e-146	0	
0	0.0207432	
***
>covarianceMatrix:
P
7.79524e-127	0	0	0	0	0	
0	7.79524e-127	0	0	0	0	
0	0	7.79524e-127	0	0	0	
0	0	0	0.0124099	0.00337188	0.00885239	
0	0	0	0.00337188	0.105117	0.0182607	
0	0	0	0.00885239	0.0182607	0.129102	
***
>covarianceMatrix:
Q
5.37572e-146	0	
0	0.0317269	
***
>covarianceMatrix:
R
2.94906e-70	0	0	0	0	0	0	0	0	0	
0	2.94906e-70	0	0	0	0	0	0	0	0	
0	0	2.94906e-70	0	0	0	0	0	0	0	
0	0	0	2.94906e-70	0	0	0	0	0	0	
0	0	0	0	2.94906e-70	0	0	0	0	0	
0	0	0	0	0	0.00645449	0.00483751	0.00604791	0.00616848	0.00647033	
0	0	0	0	0	0.00483751	0.0369468	0.0236165	0.00898907	-0.0133585	
0	0	0	0	0	0.00604791	0.0236165	0.305759	-0.0185533	-0.0889941	
0	0	0	0	0	0.00616848	0.00898907	-0.0185533	0.0408273	-0.00788903	
0	0	0	0	0	0.00647033	-0.0133585	-0.0889941	-0.00788903	0.183871	
***
>covarianceMatrix:
S
1.06394e-145	0	0	0	0	0	
0	1.06394e-145	0	0	0	0	
0	0	1.06394e-145	0	0	0	
0	0	0	0.0676561	-0.000734067	0.0125511	
0	0	0	-0.000734067	0.00396537	0.000561126	
0	0	0	0.0125511	0.000561126	0.0568845	
***
>covarianceMatrix:
T
2.70374e-139	0	0	0	0	0	
0	2.70374e-139	0	0	0	0	
0	0	2.70374e-139	0	0	0	
0	0	0	0.0143338	0.000933891	0.00596924	
0	0	0	0.000933891	0.00187835	0.00162808	
0	0	0	0.00596924	0.00162808	0.0479067	
***
>covarianceMatrix:
V
1.17918e-155	0	0	0	0	0	
0	1.17918e-155	0	0	0	0	
0	0	1.17918e-155	0	0	0	
0	0	0	0.0253335	-3.21046e-05	0.00132549	
0	0	0	-3.21046e-05	0.00132954	9.47832e-05	
0	0	0	0.00132549	9.47832e-05	0.00639801	
***
>covarianceMatrix:
Y
5.37572e-146	0	
0	0.0108285	
***
>covarianceMatrix:
Z
5.37572e-146	0	
0	0.128003	
***
