>groupList:
A C D E F G H I K L
N P Q R S T V Y Z 
>stdDevSynthesisRate:
1.238 
>numParam:
40
>numMixtures:
1
>std_stdDevSynthesisRate:
0.1
>std_phi:
***
0.1 0.1 0.1 0.1 0.1 0.1 0.1 0.1 0.1 0.1
0.1 0.1 0.1 0.1 0.1 0.1 0.1 0.1 0.1 0.1
0.1 0.1 0.1 0.1 0.1 0.1 0.1 0.1 0.1 0.1
0.1 0.1 0.1 0.1 0.1 0.1 0.1 0.1 0.1 0.1
0.1 0.1 0.1 0.1 0.1 0.1 0.1 0.1 0.1 0.1
0.1 0.1 0.1 0.1 0.1 0.1 0.1 0.1 0.1 0.1
0.1 0.1 0.1 0.1 0.1 0.1 0.1 0.1 0.1 0.1
0.1 0.1 0.1 0.1 0.1 0.1 0.1 0.1 0.1 0.1
0.1 0.1 0.1 0.1 0.1 0.1 0.1 0.1 0.1 0.1
0.1 0.1 0.1 0.1 0.1 0.1 0.1 0.1 0.1 0.1
0.1 0.1 0.1 0.1 0.1 0.1 0.1 0.1 0.1 0.1
0.1 0.1 0.1 0.1 0.1 0.1 0.1 0.1 0.1 0.1
0.1 0.1 0.1 0.1 0.1 0.1 0.1 0.1 0.1 0.1
0.1 0.1 0.1 0.1 0.1 0.1 0.1 0.1 0.1 0.1
0.1 0.1 0.1 0.1 0.1 0.1 0.1 0.1 0.1 0.1
0.1 0.1 0.1 0.1 0.1 0.1 0.1 0.1 0.1 0.1
0.1 0.1 0.1 0.1 0.1 0.1 0.1 0.1 0.1 0.1
0.1 0.1 0.1 0.1 0.1 0.1 0.1 0.1 0.1 0.1
0.1 0.1 0.1 0.1 0.1 0.1 0.1 0.1 0.1 0.1
0.1 0.1 0.1 0.1 0.1 0.1 0.1 0.1 0.1 0.1
0.1 0.1 0.1 0.1 0.1 0.1 0.1 0.1 0.1 0.1
0.1 0.1 0.1 0.1 0.1 0.1 0.1 0.1 0.1 0.1
0.1 0.1 0.1 0.1 0.1 0.1 0.1 0.1 0.1 0.1
0.1 0.1 0.1 0.1 0.1 0.1 0.1 0.1 0.1 0.1
0.1 0.1 0.1 0.1 0.1 0.1 0.1 0.1 0.1 
>categories:
0 0
>mixtureAssignment:
0 0 0 0 0 0 0 0 0 0 0 0 0 0 0 0 0 0 0 0 0 0 0 0 0 0 0 0 0 0 0 0 0 0 0 0 0 0 0 0 0 0 0 0 0 0 0 0 0 0
0 0 0 0 0 0 0 0 0 0 0 0 0 0 0 0 0 0 0 0 0 0 0 0 0 0 0 0 0 0 0 0 0 0 0 0 0 0 0 0 0 0 0 0 0 0 0 0 0 0
0 0 0 0 0 0 0 0 0 0 0 0 0 0 0 0 0 0 0 0 0 0 0 0 0 0 0 0 0 0 0 0 0 0 0 0 0 0 0 0 0 0 0 0 0 0 0 0 0 0
0 0 0 0 0 0 0 0 0 0 0 0 0 0 0 0 0 0 0 0 0 0 0 0 0 0 0 0 0 0 0 0 0 0 0 0 0 0 0 0 0 0 0 0 0 0 0 0 0 0
0 0 0 0 0 0 0 0 0 0 0 0 0 0 0 0 0 0 0 0 0 0 0 0 0 0 0 0 0 0 0 0 0 0 0 0 0 0 0 0 0 0 0 0 0 0 0 0 0 
>numMutationCategories:
1
>numSelectionCategories:
1
>categoryProbabilities:
1 
>selectionIsInMixture:
***
0 
>mutationIsInMixture:
***
0 
>obsPhiSets:
0
>currentSynthesisRateLevel:
***
0.0805135 0.341635 1.0114 6.15615 1.26439 1.28245 2.10567 1.69335 0.672078 8.18589
0.370679 0.39264 11.4288 3.50483 0.365003 0.835319 1.3737 0.249247 2.49388 1.08733
0.334961 0.291145 1.0271 2.68203 0.906959 1.0889 0.842863 4.1835 0.431698 7.46856
4.23674 1.77939 1.17453 1.31999 0.0949556 0.834349 0.342248 0.683706 0.670435 0.573425
9.90534 1.7294 2.31629 0.609938 0.130302 0.657128 0.82923 0.448078 10.8716 1.25285
1.05147 2.8494 0.256733 2.86137 0.207086 1.94776 0.828065 0.298307 2.20942 1.45742
0.422456 0.968473 0.178297 0.80248 0.294169 0.479653 1.88306 0.381561 1.24266 0.151314
1.41732 0.206077 2.76024 6.10848 0.183407 0.216671 0.805071 0.662577 0.885413 0.445575
0.261789 0.476443 0.751198 1.09233 0.571007 0.378622 0.274645 1.34094 0.603671 15.7845
0.670055 0.923493 0.699497 1.90956 9.87322 1.00934 0.677008 0.711406 1.03785 0.116749
1.82103 0.275192 1.0079 0.433506 0.837823 0.384478 0.510831 0.166427 0.510021 8.07389
2.70924 0.850383 1.39086 1.7212 1.34644 0.615464 0.753446 0.735353 0.157646 0.412968
1.08595 0.308868 0.323945 0.136692 1.00427 1.35945 0.858758 14.6265 2.52825 0.970313
0.214367 0.619466 3.70938 4.14016 7.80405 1.43314 0.7496 0.219281 3.16598 1.24504
0.267433 0.56359 0.413245 2.89411 0.72307 0.43936 0.546666 0.506642 4.70221 0.210158
0.210515 3.38736 0.199078 9.61126 0.267644 0.652749 3.45777 0.426409 0.215552 1.01418
8.84163 1.83802 1.04381 0.315534 6.0196 2.62083 7.80863 0.206861 0.191846 6.80728
1.39554 0.875464 2.06774 8.11798 0.28204 2.10329 0.778072 1.55511 0.143891 1.04055
2.16857 0.283072 9.26464 3.57837 0.502904 1.5493 0.288678 7.76369 0.281425 0.187865
2.39736 0.35707 2.21623 0.273706 0.258562 0.274494 0.909154 4.66688 0.158047 0.672909
1.60097 0.307184 0.257064 2.86504 2.80539 1.92194 0.293543 3.42497 1.99016 0.67351
1.10637 0.190218 11.1411 0.645954 10.0236 1.72996 0.30695 0.248411 1.6564 1.37686
7.41634 0.267 1.11906 7.34643 0.828748 0.316504 2.43662 0.154159 1.26963 3.78043
0.361277 3.18109 1.9005 0.143359 8.5473 4.82965 1.48172 3.17283 0.338177 1.70683
0.434425 4.8204 11.1404 1.59624 2.02408 1.87883 0.235313 1.89961 0.552099 
>noiseOffset:
>observedSynthesisNoise:
>std_NoiseOffset:
>mutation_prior_mean:
***
0 0 0 0 0 0 0 0 0 0
0 0 0 0 0 0 0 0 0 0
0 0 0 0 0 0 0 0 0 0
0 0 0 0 0 0 0 0 0 0
>mutation_prior_sd:
***
0.35 0.35 0.35 0.35 0.35 0.35 0.35 0.35 0.35 0.35
0.35 0.35 0.35 0.35 0.35 0.35 0.35 0.35 0.35 0.35
0.35 0.35 0.35 0.35 0.35 0.35 0.35 0.35 0.35 0.35
0.35 0.35 0.35 0.35 0.35 0.35 0.35 0.35 0.35 0.35
>std_csp:
191123 191123 191123 2.43183e+58 2.43183e+58 2.43183e+58 2.43183e+58 2.49294e+26 2.49294e+26 2.49294e+26
2.43183e+58 3.05904e+56 3.05904e+56 2.43183e+58 0.946607 0.946607 0.946607 0.946607 0.946607 2.43183e+58
9.98782e+07 9.98782e+07 9.98782e+07 2.43183e+58 3.40273e-08 3.40273e-08 3.40273e-08 3.40273e-08 3.40273e-08 1.34838e+25
1.34838e+25 1.34838e+25 8.17966e+22 8.17966e+22 8.17966e+22 9.5573e+27 9.5573e+27 9.5573e+27 2.43183e+58 2.43183e+58
>currentMutationParameter:
***
-0.207407 0.441056 0.645644 0.250758 0.722535 -0.661767 0.605098 0.0345033 0.408419 0.715699
0.738052 0.0243036 0.666805 -0.570756 0.450956 1.05956 0.549069 0.409834 -0.196043 0.614633
-0.0635834 0.497277 0.582122 -0.511362 -1.19632 -0.771466 -0.160406 0.476347 0.403494 -0.0784245
0.522261 0.646223 -0.176795 0.540641 0.501026 0.132361 0.717795 0.387088 0.504953 0.368376
>currentSelectionParameter:
***
0.450452 0.277142 3.52937 0.0137695 0.110501 -0.639543 -1.244 1.10595 0.827564 0.723779
-0.447413 1.04048 0.082945 0.208397 0.278579 0.904642 0.74136 0.450414 0.391872 -0.742044
-0.114775 0.914981 0.454672 -0.355449 -0.202156 0.805043 6.74438 0.429726 0.966704 0.676741
0.0536788 0.683769 0.879259 -0.0104428 0.831357 0.582133 -0.126496 0.351888 -0.245817 -0.473645
>covarianceMatrix:
A
2.87794e-64	0	0	0	0	0	
0	2.87794e-64	0	0	0	0	
0	0	2.87794e-64	0	0	0	
0	0	0	0.0310192	0.00100619	0.0323377	
0	0	0	0.00100619	0.0185738	-0.0436777	
0	0	0	0.0323377	-0.0436777	2.17255	
***
>covarianceMatrix:
C
2.49639e-110	0	
0	0.0193536	
***
>covarianceMatrix:
D
2.49639e-110	0	
0	0.0762571	
***
>covarianceMatrix:
E
2.49639e-110	0	
0	0.0597327	
***
>covarianceMatrix:
F
2.49639e-110	0	
0	0.0418807	
***
>covarianceMatrix:
G
1.36716e-112	0	0	0	0	0	
0	1.36716e-112	0	0	0	0	
0	0	1.36716e-112	0	0	0	
0	0	0	0.216645	0.0299747	0.0177078	
0	0	0	0.0299747	0.0679493	0.0182361	
0	0	0	0.0177078	0.0182361	0.16377	
***
>covarianceMatrix:
H
2.49639e-110	0	
0	0.0506975	
***
>covarianceMatrix:
I
3.14023e-112	0	0	0	
0	3.14023e-112	0	0	
0	0	0.0696758	0.00199817	
0	0	0.00199817	0.00442385	
***
>covarianceMatrix:
K
2.49639e-110	0	
0	0.00865032	
***
>covarianceMatrix:
L
4.53379e-38	0	0	0	0	0	0	0	0	0	
0	4.53379e-38	0	0	0	0	0	0	0	0	
0	0	4.53379e-38	0	0	0	0	0	0	0	
0	0	0	4.53379e-38	0	0	0	0	0	0	
0	0	0	0	4.53379e-38	0	0	0	0	0	
0	0	0	0	0	0.00890153	0.00189059	-0.000397953	0.00683251	0.000761811	
0	0	0	0	0	0.00189059	0.168891	0.0141805	-0.0269168	0.00355528	
0	0	0	0	0	-0.000397953	0.0141805	0.0802779	0.000986083	-0.00452498	
0	0	0	0	0	0.00683251	-0.0269168	0.000986083	0.0391091	-0.00344757	
0	0	0	0	0	0.000761811	0.00355528	-0.00452498	-0.00344757	0.00781138	
***
>covarianceMatrix:
N
2.49639e-110	0	
0	0.0232587	
***
>covarianceMatrix:
P
1.22508e-74	0	0	0	0	0	
0	1.22508e-74	0	0	0	0	
0	0	1.22508e-74	0	0	0	
0	0	0	0.0215876	0.017365	0.0125611	
0	0	0	0.017365	0.536564	0.0124499	
0	0	0	0.0125611	0.0124499	0.682714	
***
>covarianceMatrix:
Q
2.49639e-110	0	
0	0.0896846	
***
>covarianceMatrix:
R
1.09822e-75	0	0	0	0	0	0	0	0	0	
0	1.09822e-75	0	0	0	0	0	0	0	0	
0	0	1.09822e-75	0	0	0	0	0	0	0	
0	0	0	1.09822e-75	0	0	0	0	0	0	
0	0	0	0	1.09822e-75	0	0	0	0	0	
0	0	0	0	0	0.0180423	0.0144216	-0.0334905	0.019627	0.0157716	
0	0	0	0	0	0.0144216	0.0524771	0.0613319	0.0203473	-0.0106776	
0	0	0	0	0	-0.0334905	0.0613319	1.19459	-0.0242187	-0.10848	
0	0	0	0	0	0.019627	0.0203473	-0.0242187	0.0540487	-0.00387518	
0	0	0	0	0	0.0157716	-0.0106776	-0.10848	-0.00387518	0.259921	
***
>covarianceMatrix:
S
7.28114e-110	0	0	0	0	0	
0	7.28114e-110	0	0	0	0	
0	0	7.28114e-110	0	0	0	
0	0	0	0.0729469	0.00250598	0.0243712	
0	0	0	0.00250598	0.0204154	0.0144448	
0	0	0	0.0243712	0.0144448	0.240379	
***
>covarianceMatrix:
T
3.30426e-103	0	0	0	0	0	
0	3.30426e-103	0	0	0	0	
0	0	3.30426e-103	0	0	0	
0	0	0	0.0680748	0.00234061	0.00130955	
0	0	0	0.00234061	0.00366638	0.0063638	
0	0	0	0.00130955	0.0063638	0.044671	
***
>covarianceMatrix:
V
6.79283e-112	0	0	0	0	0	
0	6.79283e-112	0	0	0	0	
0	0	6.79283e-112	0	0	0	
0	0	0	0.0256389	0.00136836	0.00699019	
0	0	0	0.00136836	0.00215442	0.00127068	
0	0	0	0.00699019	0.00127068	0.026157	
***
>covarianceMatrix:
Y
2.49639e-110	0	
0	0.0133357	
***
>covarianceMatrix:
Z
2.49639e-110	0	
0	0.378014	
***
