>groupList:
A C D E F G H I K L
N P Q R S T V Y Z 
>stdDevSynthesisRate:
1.238 
>numParam:
40
>numMixtures:
1
>std_stdDevSynthesisRate:
0.1
>std_phi:
***
0.1 0.1 0.1 0.1 0.1 0.1 0.1 0.1 0.1 0.1
0.1 0.1 0.1 0.1 0.1 0.1 0.1 0.1 0.1 0.1
0.1 0.1 0.1 0.1 0.1 0.1 0.1 0.1 0.1 0.1
0.1 0.1 0.1 0.1 0.1 0.1 0.1 0.1 0.1 0.1
0.1 0.1 0.1 0.1 0.1 0.1 0.1 0.1 0.1 0.1
0.1 0.1 0.1 0.1 0.1 0.1 0.1 0.1 0.1 0.1
0.1 0.1 0.1 0.1 0.1 0.1 0.1 0.1 0.1 0.1
0.1 0.1 0.1 0.1 0.1 0.1 0.1 0.1 0.1 0.1
0.1 0.1 0.1 0.1 0.1 0.1 0.1 0.1 0.1 0.1
0.1 0.1 0.1 0.1 0.1 0.1 0.1 0.1 0.1 0.1
0.1 0.1 0.1 0.1 0.1 0.1 0.1 0.1 0.1 0.1
0.1 0.1 0.1 0.1 0.1 0.1 0.1 0.1 0.1 0.1
0.1 0.1 0.1 0.1 0.1 0.1 0.1 0.1 0.1 0.1
0.1 0.1 0.1 0.1 0.1 0.1 0.1 0.1 0.1 0.1
0.1 0.1 0.1 0.1 0.1 0.1 0.1 0.1 0.1 0.1
0.1 0.1 0.1 0.1 0.1 0.1 0.1 0.1 0.1 0.1
0.1 0.1 0.1 0.1 0.1 0.1 0.1 0.1 0.1 0.1
0.1 0.1 0.1 0.1 0.1 0.1 0.1 0.1 0.1 0.1
0.1 0.1 0.1 0.1 0.1 0.1 0.1 0.1 0.1 0.1
0.1 0.1 0.1 0.1 0.1 0.1 0.1 0.1 0.1 0.1
0.1 0.1 0.1 0.1 0.1 0.1 0.1 0.1 0.1 0.1
0.1 0.1 0.1 0.1 0.1 0.1 0.1 0.1 0.1 0.1
0.1 0.1 0.1 0.1 0.1 0.1 0.1 0.1 0.1 0.1
0.1 0.1 0.1 0.1 0.1 0.1 0.1 0.1 0.1 0.1
0.1 0.1 0.1 0.1 0.1 0.1 0.1 0.1 0.1 0.1
0.1 0.1 0.1 0.1 0.1 0.1 0.1 0.1 0.1 0.1
0.1 0.1 0.1 0.1 0.1 0.1 0.1 0.1 0.1 0.1
0.1 0.1 0.1 0.1 0.1 0.1 0.1 0.1 0.1 0.1
0.1 0.1 0.1 0.1 0.1 0.1 0.1 0.1 0.1 0.1
0.1 0.1 0.1 0.1 0.1 0.1 0.1 0.1 0.1 0.1
0.1 0.1 0.1 0.1 0.1 0.1 0.1 0.1 0.1 0.1
0.1 0.1 0.1 0.1 0.1 0.1 0.1 0.1 0.1 0.1
0.1 0.1 0.1 0.1 0.1 0.1 0.1 0.1 0.1 0.1
0.1 0.1 0.1 0.1 0.1 0.1 0.1 0.1 0.1 0.1
0.1 0.1 0.1 0.1 0.1 0.1 0.1 0.1 0.1 0.1
0.1 0.1 0.1 0.1 0.1 0.1 0.1 0.1 0.1 0.1
0.1 0.1 0.1 0.1 0.1 0.1 0.1 0.1 0.1 0.1
0.1 0.1 0.1 0.1 0.1 0.1 0.1 0.1 0.1 0.1
0.1 0.1 0.1 0.1 0.1 0.1 0.1 0.1 0.1 0.1
0.1 0.1 0.1 
>categories:
0 0
>mixtureAssignment:
0 0 0 0 0 0 0 0 0 0 0 0 0 0 0 0 0 0 0 0 0 0 0 0 0 0 0 0 0 0 0 0 0 0 0 0 0 0 0 0 0 0 0 0 0 0 0 0 0 0
0 0 0 0 0 0 0 0 0 0 0 0 0 0 0 0 0 0 0 0 0 0 0 0 0 0 0 0 0 0 0 0 0 0 0 0 0 0 0 0 0 0 0 0 0 0 0 0 0 0
0 0 0 0 0 0 0 0 0 0 0 0 0 0 0 0 0 0 0 0 0 0 0 0 0 0 0 0 0 0 0 0 0 0 0 0 0 0 0 0 0 0 0 0 0 0 0 0 0 0
0 0 0 0 0 0 0 0 0 0 0 0 0 0 0 0 0 0 0 0 0 0 0 0 0 0 0 0 0 0 0 0 0 0 0 0 0 0 0 0 0 0 0 0 0 0 0 0 0 0
0 0 0 0 0 0 0 0 0 0 0 0 0 0 0 0 0 0 0 0 0 0 0 0 0 0 0 0 0 0 0 0 0 0 0 0 0 0 0 0 0 0 0 0 0 0 0 0 0 0
0 0 0 0 0 0 0 0 0 0 0 0 0 0 0 0 0 0 0 0 0 0 0 0 0 0 0 0 0 0 0 0 0 0 0 0 0 0 0 0 0 0 0 0 0 0 0 0 0 0
0 0 0 0 0 0 0 0 0 0 0 0 0 0 0 0 0 0 0 0 0 0 0 0 0 0 0 0 0 0 0 0 0 0 0 0 0 0 0 0 0 0 0 0 0 0 0 0 0 0
0 0 0 0 0 0 0 0 0 0 0 0 0 0 0 0 0 0 0 0 0 0 0 0 0 0 0 0 0 0 0 0 0 0 0 0 0 0 0 0 0 0 0 
>numMutationCategories:
1
>numSelectionCategories:
1
>categoryProbabilities:
1 
>selectionIsInMixture:
***
0 
>mutationIsInMixture:
***
0 
>obsPhiSets:
0
>currentSynthesisRateLevel:
***
2.0554 0.65537 0.239242 6.42316 8.62154 0.446977 1.2661 2.57141 5.22655 1.0114
0.253862 1.28245 10.7561 2.10567 2.7152 0.672078 0.202777 3.09376 1.33894 0.669011
0.39264 0.461963 0.433918 0.325209 0.398113 2.7186 1.00467 10.1447 0.459177 0.264706
0.991831 0.262976 0.150402 1.10488 1.08572 0.337834 2.24372 1.75479 0.448076 0.421088
0.560201 0.637145 0.756859 0.177957 1.08733 1.50111 10.651 0.877651 1.64435 9.46943
1.0271 3.09488 0.995796 0.369591 0.426703 0.466994 0.177562 4.15137 0.842863 1.03028
11.2679 3.14037 10.2553 0.151885 0.70233 0.31719 3.09748 1.77939 0.312722 0.108803
1.17453 1.31999 1.25833 1.78343 0.172981 0.834349 0.342248 0.248357 0.683706 0.164934
0.44024 2.33847 9.90534 1.7294 0.130302 1.18566 4.98377 0.125491 0.343166 1.4769
0.408088 1.15667 0.433466 2.6513 0.245299 1.2622 1.05147 0.553295 0.467649 0.207086
8.86204 0.828065 2.71841 0.742249 1.0532 7.83432 1.61695 6.56725 2.20942 6.9915
0.80248 0.539285 0.294169 0.479653 0.372895 7.91939 1.26 1.88306 5.77425 1.40755
1.24266 0.151314 0.544466 0.670173 4.2956 6.10848 0.183407 1.23863 0.555126 0.805071
0.662577 1.04654 9.15098 0.135956 0.885413 2.84988 0.699864 1.44101 0.755599 0.261789
0.476443 1.62902 0.260482 0.751198 1.70962 1.01297 0.232455 0.454485 0.397137 1.13895
0.385261 0.378622 1.34094 7.96138 0.188693 0.121326 0.992492 1.39726 1.90956 1.97341
10.948 4.79677 8.24896 0.677008 1.46145 1.03785 0.116749 1.82103 0.433506 0.453658
0.85168 0.651467 0.576857 0.510831 0.350398 2.70924 0.850383 0.158607 1.05329 1.7212
1.34637 1.09263 1.34644 0.209685 0.715994 7.26277 9.95966 0.615464 0.684492 0.753446
0.157646 0.488207 0.553425 0.342085 1.08595 0.15838 0.308868 0.136692 1.00427 0.386499
1.41629 1.35945 1.74435 0.800783 2.91857 2.52825 0.224974 0.313529 0.320632 0.970313
0.214367 0.2287 0.367778 1.43314 1.46338 0.140097 0.751069 0.219281 3.16598 0.198763
0.451439 1.81707 0.350279 0.979468 1.71804 0.56359 0.413245 2.89411 1.04335 0.509952
0.72307 0.406659 1.35992 0.744321 0.231192 1.35163 0.546666 0.506642 0.268595 4.70221
11.0168 0.581397 3.38736 13.9329 0.145506 0.238399 0.737357 5.73215 0.215772 0.698093
3.45777 0.390754 8.84163 1.04381 0.884143 6.0196 0.240905 3.03008 2.62083 0.377579
0.321659 0.27127 0.214937 0.723436 0.187978 0.250276 1.39554 0.305065 1.52076 0.155623
0.160214 0.748187 0.393924 0.603075 0.778072 0.839054 1.55511 1.37454 0.143891 0.148727
1.10837 2.2529 2.53737 1.20849 0.225631 0.907844 0.240538 0.186111 0.502904 1.5493
0.288678 0.730573 0.276256 2.12807 0.281425 0.431377 0.187865 1.62907 0.163888 0.403059
1.08727 2.42361 0.773814 0.60207 0.383988 0.392072 0.153744 0.582996 2.21623 0.258562
0.424545 9.31998 0.274494 0.909154 0.158047 0.672909 1.80981 1.32614 1.60097 0.602243
1.37077 0.499871 0.257064 2.86504 2.80539 0.398454 3.42497 0.165301 0.832855 1.17937
1.10637 0.813226 1.24618 11.1411 0.265917 1.23941 0.645954 1.45813 1.3008 3.71508
0.344173 10.0236 0.998799 1.72996 1.6564 1.37686 3.39808 0.835061 0.766559 1.11906
1.89005 2.02529 2.2566 0.527316 0.528004 2.17405 4.82767 1.26963 3.78043 1.77973
1.1669 1.08439 0.447109 1.35086 3.18109 0.247963 1.9005 0.143359 0.816796 4.82965
3.14877 1.48172 4.80749 0.490627 0.681894 3.17283 0.206906 0.35144 0.18567 1.70683
0.434425 0.260682 0.456923 4.74766 0.279032 9.64198 0.555914 2.02408 0.533201 0.509362
1.87883 0.487636 0.715381 
>noiseOffset:
>observedSynthesisNoise:
>std_NoiseOffset:
>mutation_prior_mean:
***
0 0 0 0 0 0 0 0 0 0
0 0 0 0 0 0 0 0 0 0
0 0 0 0 0 0 0 0 0 0
0 0 0 0 0 0 0 0 0 0
>mutation_prior_sd:
***
0.35 0.35 0.35 0.35 0.35 0.35 0.35 0.35 0.35 0.35
0.35 0.35 0.35 0.35 0.35 0.35 0.35 0.35 0.35 0.35
0.35 0.35 0.35 0.35 0.35 0.35 0.35 0.35 0.35 0.35
0.35 0.35 0.35 0.35 0.35 0.35 0.35 0.35 0.35 0.35
>std_csp:
4.601e+06 4.601e+06 4.601e+06 6.24182e+18 6.24182e+18 6.24182e+18 6.24182e+18 304.772 304.772 304.772
6.24182e+18 2.34449e+17 2.34449e+17 6.24182e+18 0.191103 0.191103 0.191103 0.191103 0.191103 6.24182e+18
50240 50240 50240 6.24182e+18 0.00220327 0.00220327 0.00220327 0.00220327 0.00220327 6491.23
6491.23 6491.23 2.3113e+06 2.3113e+06 2.3113e+06 125013 125013 125013 6.24182e+18 6.24182e+18
>currentMutationParameter:
***
-0.207407 0.441056 0.645644 0.250758 0.722535 -0.661767 0.605098 0.0345033 0.408419 0.715699
0.738052 0.0243036 0.666805 -0.570756 0.450956 1.05956 0.549069 0.409834 -0.196043 0.614633
-0.0635834 0.497277 0.582122 -0.511362 -1.19632 -0.771466 -0.160406 0.476347 0.403494 -0.0784245
0.522261 0.646223 -0.176795 0.540641 0.501026 0.132361 0.717795 0.387088 0.504953 0.368376
>currentSelectionParameter:
***
0.343486 0.527075 0.984815 0.967031 0.00706233 -0.233239 -0.31051 6.18021 0.739382 0.0630108
1.334 1.12051 -0.402017 -0.0852064 0.501133 0.444428 1.57856 1.02307 0.213609 -0.738525
-0.434424 -0.85066 -1.17413 -0.563059 -0.197742 0.376914 5.54626 1.16137 176.024 0.323248
0.0989048 0.768907 0.380598 0.311782 0.578412 2.83907 -0.00273961 0.282413 -0.320315 -0.0437886
>covarianceMatrix:
A
3.78824e-39	0	0	0	0	0	
0	3.78824e-39	0	0	0	0	
0	0	3.78824e-39	0	0	0	
0	0	0	0.0475992	0.010009	0.00897164	
0	0	0	0.010009	0.0654877	-0.00143223	
0	0	0	0.00897164	-0.00143223	0.179579	
***
>covarianceMatrix:
C
5.38349e-39	0	
0	3.37068	
***
>covarianceMatrix:
D
5.38349e-39	0	
0	0.0219073	
***
>covarianceMatrix:
E
5.38349e-39	0	
0	0.0637118	
***
>covarianceMatrix:
F
5.38349e-39	0	
0	0.144882	
***
>covarianceMatrix:
G
2.35868e-27	0	0	0	0	0	
0	2.35868e-27	0	0	0	0	
0	0	2.35868e-27	0	0	0	
0	0	0	17.0627	-0.0218271	0.0418783	
0	0	0	-0.0218271	0.171807	0.0793961	
0	0	0	0.0418783	0.0793961	0.555273	
***
>covarianceMatrix:
H
5.38349e-39	0	
0	1.65058	
***
>covarianceMatrix:
I
3.37016e-40	0	0	0	
0	3.37016e-40	0	0	
0	0	1.08799	-0.00363689	
0	0	-0.00363689	0.100655	
***
>covarianceMatrix:
K
5.38349e-39	0	
0	0.111943	
***
>covarianceMatrix:
L
5.04355e-17	0	0	0	0	0	0	0	0	0	
0	5.04355e-17	0	0	0	0	0	0	0	0	
0	0	5.04355e-17	0	0	0	0	0	0	0	
0	0	0	5.04355e-17	0	0	0	0	0	0	
0	0	0	0	5.04355e-17	0	0	0	0	0	
0	0	0	0	0	0.0403861	-0.00232696	0.000173693	0.000594442	0.000504935	
0	0	0	0	0	-0.00232696	0.367557	-0.0329099	-0.0277927	0.0265521	
0	0	0	0	0	0.000173693	-0.0329099	0.28062	0.00783433	-0.0122404	
0	0	0	0	0	0.000594442	-0.0277927	0.00783433	0.166566	-0.0093684	
0	0	0	0	0	0.000504935	0.0265521	-0.0122404	-0.0093684	0.018294	
***
>covarianceMatrix:
N
5.38349e-39	0	
0	0.140174	
***
>covarianceMatrix:
P
1.85668e-32	0	0	0	0	0	
0	1.85668e-32	0	0	0	0	
0	0	1.85668e-32	0	0	0	
0	0	0	0.415449	0.274058	0.293141	
0	0	0	0.274058	0.583399	0.35693	
0	0	0	0.293141	0.35693	0.528889	
***
>covarianceMatrix:
Q
5.38349e-39	0	
0	0.167751	
***
>covarianceMatrix:
R
2.12599e-23	0	0	0	0	0	0	0	0	0	
0	2.12599e-23	0	0	0	0	0	0	0	0	
0	0	2.12599e-23	0	0	0	0	0	0	0	
0	0	0	2.12599e-23	0	0	0	0	0	0	
0	0	0	0	2.12599e-23	0	0	0	0	0	
0	0	0	0	0	0.309595	0.258786	-0.485595	0.186379	-0.778314	
0	0	0	0	0	0.258786	0.319552	-0.716272	0.17635	-0.781304	
0	0	0	0	0	-0.485595	-0.716272	5.5902	-0.646314	1.65439	
0	0	0	0	0	0.186379	0.17635	-0.646314	0.521971	-0.808607	
0	0	0	0	0	-0.778314	-0.781304	1.65439	-0.808607	6.34911	
***
>covarianceMatrix:
S
3.96735e-31	0	0	0	0	0	
0	3.96735e-31	0	0	0	0	
0	0	3.96735e-31	0	0	0	
0	0	0	0.263436	0.0264778	0.0410742	
0	0	0	0.0264778	0.0341373	0.0284224	
0	0	0	0.0410742	0.0284224	0.257197	
***
>covarianceMatrix:
T
4.1105e-40	0	0	0	0	0	
0	4.1105e-40	0	0	0	0	
0	0	4.1105e-40	0	0	0	
0	0	0	0.237261	-0.0691928	0.0529208	
0	0	0	-0.0691928	1.62549	0.141269	
0	0	0	0.0529208	0.141269	0.373581	
***
>covarianceMatrix:
V
5.98752e-33	0	0	0	0	0	
0	5.98752e-33	0	0	0	0	
0	0	5.98752e-33	0	0	0	
0	0	0	1.41045	-0.00476508	-0.0364795	
0	0	0	-0.00476508	0.0210861	0.00320998	
0	0	0	-0.0364795	0.00320998	0.139034	
***
>covarianceMatrix:
Y
5.38349e-39	0	
0	0.0601804	
***
>covarianceMatrix:
Z
5.38349e-39	0	
0	0.54194	
***
