>groupList:
A C D E F G H I K L
N P Q R S T V Y Z 
>stdDevSynthesisRate:
1.238 
>numParam:
40
>numMixtures:
1
>std_stdDevSynthesisRate:
0.1
>std_phi:
***
0.1 0.1 0.1 0.1 0.1 0.1 0.1 0.1 0.1 0.1
0.1 0.1 0.1 0.1 0.1 0.1 0.1 0.1 0.1 0.1
0.1 0.1 0.1 0.1 0.1 0.1 0.1 0.1 0.1 0.1
0.1 0.1 0.1 0.1 0.1 0.1 0.1 0.1 0.1 0.1
0.1 0.1 0.1 0.1 0.1 0.1 0.1 0.1 0.1 0.1
0.1 0.1 0.1 0.1 0.1 0.1 0.1 0.1 0.1 0.1
0.1 0.1 0.1 0.1 0.1 0.1 0.1 0.1 0.1 0.1
0.1 0.1 0.1 0.1 0.1 0.1 0.1 0.1 0.1 0.1
0.1 0.1 0.1 0.1 0.1 0.1 0.1 0.1 0.1 0.1
0.1 0.1 0.1 0.1 0.1 0.1 0.1 0.1 0.1 0.1
0.1 0.1 0.1 0.1 0.1 0.1 0.1 0.1 0.1 0.1
0.1 0.1 0.1 0.1 0.1 0.1 0.1 0.1 0.1 0.1
0.1 0.1 0.1 0.1 0.1 0.1 0.1 0.1 0.1 0.1
0.1 0.1 0.1 0.1 0.1 0.1 0.1 0.1 0.1 0.1
0.1 0.1 0.1 0.1 0.1 0.1 0.1 0.1 0.1 0.1
0.1 0.1 0.1 0.1 0.1 0.1 0.1 0.1 0.1 0.1
0.1 0.1 0.1 0.1 0.1 0.1 0.1 0.1 0.1 0.1
0.1 0.1 0.1 0.1 0.1 0.1 0.1 0.1 0.1 0.1
0.1 0.1 0.1 0.1 0.1 0.1 0.1 0.1 0.1 0.1
0.1 0.1 0.1 0.1 0.1 0.1 0.1 0.1 0.1 0.1
0.1 0.1 0.1 0.1 0.1 0.1 0.1 0.1 0.1 0.1
0.1 0.1 0.1 0.1 0.1 0.1 0.1 0.1 0.1 0.1
0.1 0.1 0.1 0.1 0.1 0.1 0.1 0.1 0.1 0.1
0.1 0.1 0.1 0.1 0.1 0.1 0.1 0.1 0.1 0.1
0.1 0.1 0.1 0.1 0.1 0.1 0.1 0.1 0.1 0.1
0.1 0.1 0.1 0.1 
>categories:
0 0
>mixtureAssignment:
0 0 0 0 0 0 0 0 0 0 0 0 0 0 0 0 0 0 0 0 0 0 0 0 0 0 0 0 0 0 0 0 0 0 0 0 0 0 0 0 0 0 0 0 0 0 0 0 0 0
0 0 0 0 0 0 0 0 0 0 0 0 0 0 0 0 0 0 0 0 0 0 0 0 0 0 0 0 0 0 0 0 0 0 0 0 0 0 0 0 0 0 0 0 0 0 0 0 0 0
0 0 0 0 0 0 0 0 0 0 0 0 0 0 0 0 0 0 0 0 0 0 0 0 0 0 0 0 0 0 0 0 0 0 0 0 0 0 0 0 0 0 0 0 0 0 0 0 0 0
0 0 0 0 0 0 0 0 0 0 0 0 0 0 0 0 0 0 0 0 0 0 0 0 0 0 0 0 0 0 0 0 0 0 0 0 0 0 0 0 0 0 0 0 0 0 0 0 0 0
0 0 0 0 0 0 0 0 0 0 0 0 0 0 0 0 0 0 0 0 0 0 0 0 0 0 0 0 0 0 0 0 0 0 0 0 0 0 0 0 0 0 0 0 0 0 0 0 0 0
0 0 0 0 
>numMutationCategories:
1
>numSelectionCategories:
1
>categoryProbabilities:
1 
>selectionIsInMixture:
***
0 
>mutationIsInMixture:
***
0 
>obsPhiSets:
0
>currentSynthesisRateLevel:
***
0.0805135 0.341635 1.0114 6.15615 1.26439 1.28245 2.10567 1.69335 0.672078 8.18589
0.370679 2.76335 0.39264 11.4288 3.50483 0.365003 0.835319 1.3737 0.249247 2.49388
1.08733 0.334961 0.291145 1.0271 2.68203 0.906959 1.0889 0.842863 4.1835 0.431698
7.46856 4.23674 0.434831 1.77939 1.17453 1.31999 0.0949556 0.834349 0.342248 0.683706
0.670435 0.573425 9.90534 1.7294 2.31629 0.609938 0.130302 0.657128 0.82923 0.448078
10.8716 1.25285 1.05147 2.8494 0.256733 2.86137 0.207086 1.94776 0.828065 0.298307
2.20942 1.45742 0.422456 0.968473 0.178297 0.80248 0.294169 0.479653 1.88306 0.381561
1.24266 0.151314 1.41732 0.206077 2.76024 6.10848 0.183407 0.216671 0.805071 0.662577
0.885413 0.445575 0.261789 0.476443 1.09828 0.751198 1.09233 0.571007 0.378622 0.274645
1.34094 0.603671 15.7845 0.670055 0.923493 0.699497 1.90956 9.87322 1.00934 0.677008
0.711406 1.03785 0.116749 1.82103 0.275192 1.0079 0.433506 0.837823 0.384478 0.510831
0.166427 0.510021 8.07389 2.70924 0.850383 1.39086 1.7212 1.34644 0.615464 0.753446
0.735353 0.157646 0.412968 1.08595 0.308868 0.323945 0.136692 1.00427 1.35945 0.858758
14.6265 2.52825 0.970313 0.214367 0.619466 3.70938 4.14016 7.80405 1.43314 0.7496
0.219281 3.16598 1.24504 0.267433 0.56359 0.413245 2.89411 0.72307 0.43936 0.546666
0.506642 4.70221 0.210158 0.210515 3.38736 0.199078 9.61126 0.267644 0.652749 3.45777
0.426409 0.215552 1.01418 8.84163 1.83802 1.04381 0.315534 6.0196 2.62083 7.80863
0.206861 0.191846 6.80728 1.39554 0.875464 2.06774 8.11798 0.28204 2.10329 0.778072
1.55511 0.143891 1.04055 2.16857 0.283072 9.26464 3.57837 0.502904 1.5493 0.288678
7.76369 2.9656 0.281425 0.187865 2.39736 0.35707 2.21623 0.273706 0.258562 0.274494
0.909154 4.66688 0.158047 0.672909 1.60097 0.307184 0.257064 2.86504 2.80539 1.92194
0.293543 3.42497 9.9739 1.99016 0.67351 1.10637 0.190218 11.1411 0.645954 10.0236
1.72996 0.30695 0.248411 1.6564 1.37686 7.41634 0.267 1.11906 7.34643 0.828748
0.316504 2.43662 0.154159 1.26963 3.78043 0.361277 3.18109 1.9005 0.143359 8.5473
4.82965 1.48172 3.17283 0.338177 1.70683 0.434425 4.8204 11.1404 1.59624 2.02408
1.87883 0.235313 1.89961 0.552099 
>noiseOffset:
>observedSynthesisNoise:
>std_NoiseOffset:
>mutation_prior_mean:
***
0 0 0 0 0 0 0 0 0 0
0 0 0 0 0 0 0 0 0 0
0 0 0 0 0 0 0 0 0 0
0 0 0 0 0 0 0 0 0 0
>mutation_prior_sd:
***
0.35 0.35 0.35 0.35 0.35 0.35 0.35 0.35 0.35 0.35
0.35 0.35 0.35 0.35 0.35 0.35 0.35 0.35 0.35 0.35
0.35 0.35 0.35 0.35 0.35 0.35 0.35 0.35 0.35 0.35
0.35 0.35 0.35 0.35 0.35 0.35 0.35 0.35 0.35 0.35
>std_csp:
3.1359e+24 3.1359e+24 3.1359e+24 2.43183e+58 2.43183e+58 2.43183e+58 2.43183e+58 3.26691e+30 3.26691e+30 3.26691e+30
2.43183e+58 5.286e+56 5.286e+56 2.43183e+58 2.4536 2.4536 2.4536 2.4536 2.4536 2.43183e+58
4.45177e+13 4.45177e+13 4.45177e+13 2.43183e+58 0.0123355 0.0123355 0.0123355 0.0123355 0.0123355 1.07192e+27
1.07192e+27 1.07192e+27 1.20223e+26 1.20223e+26 1.20223e+26 3.05337e+29 3.05337e+29 3.05337e+29 2.43183e+58 2.43183e+58
>currentMutationParameter:
***
-0.207407 0.441056 0.645644 0.250758 0.722535 -0.661767 0.605098 0.0345033 0.408419 0.715699
0.738052 0.0243036 0.666805 -0.570756 0.450956 1.05956 0.549069 0.409834 -0.196043 0.614633
-0.0635834 0.497277 0.582122 -0.511362 -1.19632 -0.771466 -0.160406 0.476347 0.403494 -0.0784245
0.522261 0.646223 -0.176795 0.540641 0.501026 0.132361 0.717795 0.387088 0.504953 0.368376
>currentSelectionParameter:
***
0.368479 0.119925 0.666347 0.119999 -0.10234 -0.346277 -0.319125 0.950328 0.356724 0.742514
-0.157316 0.924641 -0.0820591 0.276133 0.280758 1.1868 0.448139 0.398391 0.251464 -0.317673
-0.213921 0.380088 1.13404 -0.392342 -0.136542 0.427144 1.57423 0.623543 2.58179 0.450333
-0.100093 0.391423 0.355764 -0.111026 0.550014 0.676243 -0.0954741 0.373255 -0.254748 -0.193334
>covarianceMatrix:
A
7.71923e-106	0	0	0	0	0	
0	7.71923e-106	0	0	0	0	
0	0	7.71923e-106	0	0	0	
0	0	0	0.0183789	0.00149844	0.0128652	
0	0	0	0.00149844	0.00447417	0.00372251	
0	0	0	0.0128652	0.00372251	0.0817147	
***
>covarianceMatrix:
C
2.49639e-110	0	
0	0.00757722	
***
>covarianceMatrix:
D
2.49639e-110	0	
0	0.00306854	
***
>covarianceMatrix:
E
2.49639e-110	0	
0	0.0143442	
***
>covarianceMatrix:
F
2.49639e-110	0	
0	0.0040816	
***
>covarianceMatrix:
G
8.62182e-118	0	0	0	0	0	
0	8.62182e-118	0	0	0	0	
0	0	8.62182e-118	0	0	0	
0	0	0	0.0404284	0.000523656	0.00446893	
0	0	0	0.000523656	0.00988762	0.00628909	
0	0	0	0.00446893	0.00628909	0.0349736	
***
>covarianceMatrix:
H
2.49639e-110	0	
0	0.00488024	
***
>covarianceMatrix:
I
9.04387e-112	0	0	0	
0	9.04387e-112	0	0	
0	0	0.0210102	0.000136358	
0	0	0.000136358	0.00157233	
***
>covarianceMatrix:
K
2.49639e-110	0	
0	0.00246753	
***
>covarianceMatrix:
L
3.36696e-45	0	0	0	0	0	0	0	0	0	
0	3.36696e-45	0	0	0	0	0	0	0	0	
0	0	3.36696e-45	0	0	0	0	0	0	0	
0	0	0	3.36696e-45	0	0	0	0	0	0	
0	0	0	0	3.36696e-45	0	0	0	0	0	
0	0	0	0	0	0.00418173	0.00393288	0.00232409	5.61368e-05	0.000857643	
0	0	0	0	0	0.00393288	0.0613439	0.00281553	-0.00219739	0.000605959	
0	0	0	0	0	0.00232409	0.00281553	0.010033	0.00106697	0.000361216	
0	0	0	0	0	5.61368e-05	-0.00219739	0.00106697	0.00742536	-0.000427719	
0	0	0	0	0	0.000857643	0.000605959	0.000361216	-0.000427719	0.00158933	
***
>covarianceMatrix:
N
2.49639e-110	0	
0	0.00864148	
***
>covarianceMatrix:
P
3.43196e-81	0	0	0	0	0	
0	3.43196e-81	0	0	0	0	
0	0	3.43196e-81	0	0	0	
0	0	0	0.00527842	0.00468458	0.00643075	
0	0	0	0.00468458	0.0309413	0.00304541	
0	0	0	0.00643075	0.00304541	0.162008	
***
>covarianceMatrix:
Q
2.49639e-110	0	
0	0.0241059	
***
>covarianceMatrix:
R
2.22801e-52	0	0	0	0	0	0	0	0	0	
0	2.22801e-52	0	0	0	0	0	0	0	0	
0	0	2.22801e-52	0	0	0	0	0	0	0	
0	0	0	2.22801e-52	0	0	0	0	0	0	
0	0	0	0	2.22801e-52	0	0	0	0	0	
0	0	0	0	0	0.00345964	0.00155968	0.00344311	0.00394122	0.00272337	
0	0	0	0	0	0.00155968	0.0168746	0.00962178	-0.0014706	-0.00515491	
0	0	0	0	0	0.00344311	0.00962178	0.185252	-0.00988905	0.0152654	
0	0	0	0	0	0.00394122	-0.0014706	-0.00988905	0.0288196	-0.0191414	
0	0	0	0	0	0.00272337	-0.00515491	0.0152654	-0.0191414	0.123631	
***
>covarianceMatrix:
S
7.5016e-109	0	0	0	0	0	
0	7.5016e-109	0	0	0	0	
0	0	7.5016e-109	0	0	0	
0	0	0	0.0211212	0.00151546	0.000794342	
0	0	0	0.00151546	0.0026744	0.00192897	
0	0	0	0.000794342	0.00192897	0.0346373	
***
>covarianceMatrix:
T
1.42413e-113	0	0	0	0	0	
0	1.42413e-113	0	0	0	0	
0	0	1.42413e-113	0	0	0	
0	0	0	0.00613531	0.000636419	0.00402914	
0	0	0	0.000636419	0.000898456	0.0010089	
0	0	0	0.00402914	0.0010089	0.025995	
***
>covarianceMatrix:
V
7.87333e-113	0	0	0	0	0	
0	7.87333e-113	0	0	0	0	
0	0	7.87333e-113	0	0	0	
0	0	0	0.0075775	-3.39179e-05	0.000661417	
0	0	0	-3.39179e-05	0.000552533	0.000387565	
0	0	0	0.000661417	0.000387565	0.00323937	
***
>covarianceMatrix:
Y
2.49639e-110	0	
0	0.00595196	
***
>covarianceMatrix:
Z
2.49639e-110	0	
0	0.0723003	
***
