>groupList:
A C D E F G H I K L
N P Q R S T V Y Z 
>stdDevSynthesisRate:
1.238 
>numParam:
40
>numMixtures:
1
>std_stdDevSynthesisRate:
0.1
>std_phi:
***
0.1 0.1 0.1 0.1 0.1 0.1 0.1 0.1 0.1 0.1
0.1 0.1 0.1 0.1 0.1 0.1 0.1 0.1 0.1 0.1
0.1 0.1 0.1 0.1 0.1 0.1 0.1 0.1 0.1 0.1
0.1 0.1 0.1 0.1 0.1 0.1 0.1 0.1 0.1 0.1
0.1 0.1 0.1 0.1 0.1 0.1 0.1 0.1 0.1 0.1
0.1 0.1 0.1 0.1 0.1 0.1 0.1 0.1 0.1 0.1
0.1 0.1 0.1 0.1 0.1 0.1 0.1 0.1 0.1 0.1
0.1 0.1 0.1 0.1 0.1 0.1 0.1 0.1 0.1 0.1
0.1 0.1 0.1 0.1 0.1 0.1 0.1 0.1 0.1 0.1
0.1 0.1 0.1 0.1 0.1 0.1 0.1 0.1 0.1 0.1
0.1 0.1 0.1 0.1 0.1 0.1 0.1 0.1 0.1 0.1
0.1 0.1 0.1 0.1 0.1 0.1 0.1 0.1 0.1 0.1
0.1 0.1 0.1 0.1 0.1 0.1 0.1 0.1 0.1 0.1
0.1 0.1 0.1 0.1 0.1 0.1 0.1 0.1 0.1 0.1
0.1 0.1 0.1 0.1 0.1 0.1 0.1 0.1 0.1 0.1
0.1 0.1 0.1 0.1 0.1 0.1 0.1 0.1 0.1 0.1
0.1 0.1 0.1 0.1 0.1 0.1 0.1 0.1 0.1 0.1
0.1 0.1 0.1 0.1 0.1 0.1 0.1 0.1 0.1 0.1
0.1 0.1 0.1 0.1 0.1 0.1 0.1 0.1 0.1 0.1
0.1 0.1 0.1 0.1 0.1 0.1 0.1 0.1 0.1 0.1
0.1 0.1 0.1 0.1 0.1 0.1 0.1 0.1 0.1 0.1
0.1 0.1 0.1 0.1 0.1 0.1 0.1 0.1 0.1 0.1
0.1 0.1 0.1 0.1 0.1 0.1 0.1 0.1 0.1 0.1
0.1 0.1 0.1 0.1 0.1 0.1 0.1 0.1 0.1 0.1
0.1 0.1 0.1 0.1 0.1 0.1 0.1 0.1 0.1 0.1
0.1 0.1 0.1 0.1 
>categories:
0 0
>mixtureAssignment:
0 0 0 0 0 0 0 0 0 0 0 0 0 0 0 0 0 0 0 0 0 0 0 0 0 0 0 0 0 0 0 0 0 0 0 0 0 0 0 0 0 0 0 0 0 0 0 0 0 0
0 0 0 0 0 0 0 0 0 0 0 0 0 0 0 0 0 0 0 0 0 0 0 0 0 0 0 0 0 0 0 0 0 0 0 0 0 0 0 0 0 0 0 0 0 0 0 0 0 0
0 0 0 0 0 0 0 0 0 0 0 0 0 0 0 0 0 0 0 0 0 0 0 0 0 0 0 0 0 0 0 0 0 0 0 0 0 0 0 0 0 0 0 0 0 0 0 0 0 0
0 0 0 0 0 0 0 0 0 0 0 0 0 0 0 0 0 0 0 0 0 0 0 0 0 0 0 0 0 0 0 0 0 0 0 0 0 0 0 0 0 0 0 0 0 0 0 0 0 0
0 0 0 0 0 0 0 0 0 0 0 0 0 0 0 0 0 0 0 0 0 0 0 0 0 0 0 0 0 0 0 0 0 0 0 0 0 0 0 0 0 0 0 0 0 0 0 0 0 0
0 0 0 0 
>numMutationCategories:
1
>numSelectionCategories:
1
>categoryProbabilities:
1 
>selectionIsInMixture:
***
0 
>mutationIsInMixture:
***
0 
>obsPhiSets:
0
>currentSynthesisRateLevel:
***
0.662577 0.970313 0.828748 15.7845 0.207086 1.89961 1.55511 0.210158 0.315534 1.35945
1.31999 0.267 0.274494 1.0079 0.275192 1.01418 1.26963 0.210515 1.83802 0.378622
0.413245 1.10637 9.61126 4.23674 0.672078 1.04055 7.41634 0.342248 8.18589 3.78043
0.434831 0.136692 1.00934 0.506642 2.76335 0.199078 0.552099 1.6564 0.657128 1.70683
11.1411 2.86137 0.235313 0.257064 6.80728 1.0114 0.476443 0.258562 0.619466 0.834349
0.412968 0.214367 0.274645 0.361277 9.9739 0.80248 0.906959 2.68203 1.3737 1.69335
4.70221 0.677008 2.52825 0.219281 2.06774 0.206861 1.28245 0.323945 0.652749 0.370679
0.283072 0.842863 1.45742 0.82923 7.76369 2.10567 0.261789 0.43936 3.16598 1.48172
2.43662 0.143359 0.384478 1.09233 2.70924 0.510021 8.07389 8.11798 0.431698 2.49388
1.92194 0.683706 11.4288 0.778072 0.341635 1.43314 0.143891 0.267644 0.7496 0.191846
1.7294 14.6265 1.0271 4.14016 0.850383 0.187865 0.448078 1.41732 9.90534 0.116749
1.00427 4.66688 1.24266 0.828065 0.510831 0.178297 0.711406 0.835319 0.183407 1.34644
2.80539 0.308868 1.59624 2.20942 0.338177 0.837823 1.7212 1.05147 2.86504 0.645954
10.0236 0.885413 0.426409 3.57837 0.603671 9.26464 0.381561 0.307184 1.77939 0.256733
1.26439 9.87322 1.82103 0.154159 0.215552 2.21623 1.72996 6.15615 7.46856 2.9656
0.35707 0.67351 0.28204 0.291145 0.288678 0.615464 0.735353 1.94776 0.206077 0.875464
3.50483 2.62083 1.5493 1.03785 0.151314 8.84163 1.60097 1.39086 0.0805135 1.87883
4.82965 0.157646 0.573425 0.670055 0.672909 0.30695 1.88306 1.11906 0.968473 10.8716
2.8494 1.39554 0.316504 2.10329 0.293543 0.248411 0.365003 0.72307 0.0949556 0.670435
0.267433 0.158047 0.753446 2.39736 7.80863 0.571007 0.609938 6.10848 0.39264 0.166427
1.34094 3.42497 1.08595 0.56359 0.334961 0.422456 0.909154 0.249247 0.751198 1.37686
3.70938 7.34643 1.09828 0.479653 3.17283 3.38736 4.8204 1.04381 0.433506 2.16857
2.89411 0.298307 1.25285 8.5473 0.445575 1.0889 1.08733 2.31629 0.273706 1.9005
0.502904 1.90956 0.216671 0.858758 1.24504 3.45777 2.02408 1.17453 6.0196 0.923493
0.281425 0.699497 0.190218 0.805071 0.294169 4.1835 3.18109 11.1404 0.434425 2.76024
1.99016 7.80405 0.546666 0.130302 
>noiseOffset:
>observedSynthesisNoise:
>std_NoiseOffset:
>mutation_prior_mean:
***
0 0 0 0 0 0 0 0 0 0
0 0 0 0 0 0 0 0 0 0
0 0 0 0 0 0 0 0 0 0
0 0 0 0 0 0 0 0 0 0
>mutation_prior_sd:
***
0.35 0.35 0.35 0.35 0.35 0.35 0.35 0.35 0.35 0.35
0.35 0.35 0.35 0.35 0.35 0.35 0.35 0.35 0.35 0.35
0.35 0.35 0.35 0.35 0.35 0.35 0.35 0.35 0.35 0.35
0.35 0.35 0.35 0.35 0.35 0.35 0.35 0.35 0.35 0.35
>std_csp:
2.96752e+07 2.96752e+07 2.96752e+07 6.24182e+18 6.24182e+18 6.24182e+18 6.24182e+18 1.06332e+08 1.06332e+08 1.06332e+08
6.24182e+18 2.09037e+18 2.09037e+18 6.24182e+18 0.298598 0.298598 0.298598 0.298598 0.298598 6.24182e+18
104178 104178 104178 6.24182e+18 0.0815373 0.0815373 0.0815373 0.0815373 0.0815373 4.57206e+08
4.57206e+08 4.57206e+08 1.19258e+07 1.19258e+07 1.19258e+07 1.46068e+10 1.46068e+10 1.46068e+10 6.24182e+18 6.24182e+18
>currentMutationParameter:
***
-0.207407 0.441056 0.645644 0.250758 0.722535 -0.661767 0.605098 0.0345033 0.408419 0.715699
0.738052 0.0243036 0.666805 -0.570756 0.450956 1.05956 0.549069 0.409834 -0.196043 0.614633
-0.0635834 0.497277 0.582122 -0.511362 -1.19632 -0.771466 -0.160406 0.476347 0.403494 -0.0784245
0.522261 0.646223 -0.176795 0.540641 0.501026 0.132361 0.717795 0.387088 0.504953 0.368376
>currentSelectionParameter:
***
0.711186 0.08713 0.793166 0.044346 -0.106582 -0.353705 -0.421785 1.47352 0.471225 0.824803
-0.290367 0.981095 -0.00434413 0.270259 0.427413 0.91079 0.630504 0.770625 0.420543 -0.346751
-0.224332 0.137989 0.752452 -0.463267 -0.0515284 0.373309 1.28279 0.791847 1.73505 0.960769
-0.00785136 0.45059 0.415201 -0.104682 0.978184 0.649221 -0.0516055 0.271807 -0.484138 0.258042
>covarianceMatrix:
A
1.45468e-36	0	0	0	0	0	
0	1.45468e-36	0	0	0	0	
0	0	1.45468e-36	0	0	0	
0	0	0	0.0355367	0.000537449	-0.00314467	
0	0	0	0.000537449	0.00656668	0.00417718	
0	0	0	-0.00314467	0.00417718	0.0840554	
***
>covarianceMatrix:
C
5.38349e-39	0	
0	0.00909692	
***
>covarianceMatrix:
D
5.38349e-39	0	
0	0.00570537	
***
>covarianceMatrix:
E
5.38349e-39	0	
0	0.0222566	
***
>covarianceMatrix:
F
5.38349e-39	0	
0	0.0134905	
***
>covarianceMatrix:
G
4.08465e-39	0	0	0	0	0	
0	4.08465e-39	0	0	0	0	
0	0	4.08465e-39	0	0	0	
0	0	0	0.0719221	0.0136076	0.00787729	
0	0	0	0.0136076	0.0327638	0.0067269	
0	0	0	0.00787729	0.0067269	0.0879185	
***
>covarianceMatrix:
H
5.38349e-39	0	
0	0.00971768	
***
>covarianceMatrix:
I
1.80292e-39	0	0	0	
0	1.80292e-39	0	0	
0	0	0.042443	-0.000292743	
0	0	-0.000292743	0.00202287	
***
>covarianceMatrix:
K
5.38349e-39	0	
0	0.00366002	
***
>covarianceMatrix:
L
3.6484e-16	0	0	0	0	0	0	0	0	0	
0	3.6484e-16	0	0	0	0	0	0	0	0	
0	0	3.6484e-16	0	0	0	0	0	0	0	
0	0	0	3.6484e-16	0	0	0	0	0	0	
0	0	0	0	3.6484e-16	0	0	0	0	0	
0	0	0	0	0	0.00408495	0.00164516	-0.000949465	0.000378059	0.000317224	
0	0	0	0	0	0.00164516	0.104044	-0.00829525	-0.000794062	0.000537377	
0	0	0	0	0	-0.000949465	-0.00829525	0.0221698	0.000139196	0.00159953	
0	0	0	0	0	0.000378059	-0.000794062	0.000139196	0.017496	0.00159752	
0	0	0	0	0	0.000317224	0.000537377	0.00159953	0.00159752	0.00315497	
***
>covarianceMatrix:
N
5.38349e-39	0	
0	0.0161285	
***
>covarianceMatrix:
P
2.99376e-33	0	0	0	0	0	
0	2.99376e-33	0	0	0	0	
0	0	2.99376e-33	0	0	0	
0	0	0	0.0136935	0.0125347	0.00428218	
0	0	0	0.0125347	0.0873825	-0.0121427	
0	0	0	0.00428218	-0.0121427	0.159945	
***
>covarianceMatrix:
Q
5.38349e-39	0	
0	0.0351939	
***
>covarianceMatrix:
R
7.86774e-22	0	0	0	0	0	0	0	0	0	
0	7.86774e-22	0	0	0	0	0	0	0	0	
0	0	7.86774e-22	0	0	0	0	0	0	0	
0	0	0	7.86774e-22	0	0	0	0	0	0	
0	0	0	0	7.86774e-22	0	0	0	0	0	
0	0	0	0	0	0.0088088	0.00536853	0.00518554	0.00907938	-0.00529905	
0	0	0	0	0	0.00536853	0.031104	-0.019217	0.019629	-0.00469306	
0	0	0	0	0	0.00518554	-0.019217	0.243377	-0.0195252	0.0103319	
0	0	0	0	0	0.00907938	0.019629	-0.0195252	0.0507422	0.0125589	
0	0	0	0	0	-0.00529905	-0.00469306	0.0103319	0.0125589	0.444314	
***
>covarianceMatrix:
S
3.79366e-39	0	0	0	0	0	
0	3.79366e-39	0	0	0	0	
0	0	3.79366e-39	0	0	0	
0	0	0	0.055463	-0.00134148	0.000151628	
0	0	0	-0.00134148	0.00308415	0.00245893	
0	0	0	0.000151628	0.00245893	0.0381208	
***
>covarianceMatrix:
T
5.84605e-37	0	0	0	0	0	
0	5.84605e-37	0	0	0	0	
0	0	5.84605e-37	0	0	0	
0	0	0	0.0108279	0.000945499	0.00159636	
0	0	0	0.000945499	0.00140919	0.000606997	
0	0	0	0.00159636	0.000606997	0.0390742	
***
>covarianceMatrix:
V
1.58295e-40	0	0	0	0	0	
0	1.58295e-40	0	0	0	0	
0	0	1.58295e-40	0	0	0	
0	0	0	0.0197734	0.00148052	0.00286886	
0	0	0	0.00148052	0.00110448	0.000320427	
0	0	0	0.00286886	0.000320427	0.0081136	
***
>covarianceMatrix:
Y
5.38349e-39	0	
0	0.011111	
***
>covarianceMatrix:
Z
5.38349e-39	0	
0	0.143076	
***
