>groupList:
A C D E F G H I K L
N P Q R S T V Y Z 
>stdDevSynthesisRate:
0.01 
>numParam:
40
>numMixtures:
1
>std_stdDevSynthesisRate:
0.1
>std_phi:
***
0.1 0.1 0.1 0.1 0.1 0.1 0.1 0.1 0.1 0.1
0.1 0.1 0.1 0.1 0.1 0.1 0.1 0.1 0.1 0.1
0.1 0.1 0.1 0.1 0.1 0.1 0.1 0.1 0.1 0.1
0.1 0.1 0.1 0.1 0.1 0.1 0.1 0.1 0.1 0.1
0.1 0.1 0.1 0.1 0.1 0.1 0.1 0.1 0.1 0.1
0.1 0.1 0.1 0.1 0.1 0.1 0.1 0.1 0.1 0.1
0.1 0.1 0.1 0.1 0.1 0.1 0.1 0.1 0.1 0.1
0.1 0.1 0.1 0.1 0.1 0.1 0.1 0.1 0.1 0.1
0.1 0.1 0.1 0.1 0.1 0.1 0.1 0.1 0.1 0.1
0.1 0.1 0.1 0.1 0.1 0.1 0.1 0.1 0.1 0.1
0.1 0.1 0.1 0.1 0.1 0.1 0.1 0.1 0.1 0.1
0.1 0.1 0.1 0.1 0.1 0.1 0.1 0.1 0.1 0.1
0.1 0.1 0.1 0.1 0.1 0.1 0.1 0.1 0.1 0.1
0.1 0.1 0.1 0.1 0.1 0.1 0.1 0.1 0.1 0.1
0.1 0.1 0.1 0.1 0.1 0.1 0.1 0.1 0.1 0.1
0.1 0.1 0.1 0.1 0.1 0.1 0.1 0.1 0.1 0.1
0.1 0.1 0.1 0.1 0.1 0.1 0.1 0.1 0.1 0.1
0.1 0.1 0.1 0.1 0.1 0.1 0.1 0.1 0.1 0.1
0.1 0.1 0.1 0.1 0.1 0.1 0.1 0.1 0.1 0.1
0.1 0.1 0.1 0.1 0.1 0.1 0.1 0.1 0.1 0.1
0.1 0.1 0.1 0.1 0.1 0.1 0.1 0.1 0.1 0.1
0.1 0.1 0.1 0.1 0.1 0.1 0.1 0.1 0.1 0.1
0.1 0.1 0.1 0.1 0.1 0.1 0.1 0.1 0.1 0.1
0.1 0.1 0.1 0.1 0.1 0.1 0.1 0.1 0.1 0.1
0.1 0.1 0.1 0.1 0.1 0.1 0.1 0.1 0.1 0.1
0.1 0.1 0.1 0.1 
>categories:
0 0
>mixtureAssignment:
0 0 0 0 0 0 0 0 0 0 0 0 0 0 0 0 0 0 0 0 0 0 0 0 0 0 0 0 0 0 0 0 0 0 0 0 0 0 0 0 0 0 0 0 0 0 0 0 0 0
0 0 0 0 0 0 0 0 0 0 0 0 0 0 0 0 0 0 0 0 0 0 0 0 0 0 0 0 0 0 0 0 0 0 0 0 0 0 0 0 0 0 0 0 0 0 0 0 0 0
0 0 0 0 0 0 0 0 0 0 0 0 0 0 0 0 0 0 0 0 0 0 0 0 0 0 0 0 0 0 0 0 0 0 0 0 0 0 0 0 0 0 0 0 0 0 0 0 0 0
0 0 0 0 0 0 0 0 0 0 0 0 0 0 0 0 0 0 0 0 0 0 0 0 0 0 0 0 0 0 0 0 0 0 0 0 0 0 0 0 0 0 0 0 0 0 0 0 0 0
0 0 0 0 0 0 0 0 0 0 0 0 0 0 0 0 0 0 0 0 0 0 0 0 0 0 0 0 0 0 0 0 0 0 0 0 0 0 0 0 0 0 0 0 0 0 0 0 0 0
0 0 0 0 
>numMutationCategories:
1
>numSelectionCategories:
1
>categoryProbabilities:
1 
>selectionIsInMixture:
***
0 
>mutationIsInMixture:
***
0 
>obsPhiSets:
0
>currentSynthesisRateLevel:
***
2.0554 0.144042 1.57055 11.1375 6.42316 0.341635 0.723517 1.42988 1.63351 1.46651
0.370679 1.33894 0.461963 0.300016 0.398113 0.130642 0.365003 0.264706 0.991831 0.262976
1.3737 2.24372 1.75479 2.04656 0.778587 0.493067 5.32052 0.756859 10.651 0.334961
0.271411 9.46943 1.19407 1.0271 8.63403 1.70396 9.53792 4.15137 0.183188 1.33819
4.1835 0.151885 3.09748 0.480984 1.23112 0.154763 0.108803 0.908871 2.33847 1.27822
0.19597 2.31629 0.502988 0.236379 8.36312 0.82923 2.44538 0.433466 1.02121 0.307899
5.5807 6.17463 2.6513 0.717264 0.840313 2.8494 0.256733 1.29696 1.37064 8.86204
0.828065 0.298307 0.742249 1.17651 1.07561 6.56725 2.20942 1.45742 0.968473 0.178297
0.479653 5.56481 0.477769 0.544466 0.660895 0.206077 0.183407 2.11552 1.28507 9.15098
2.28343 0.445575 0.668578 1.09233 0.232455 0.334145 0.571007 3.07376 0.891281 0.560035
0.161575 1.45898 0.506275 7.96138 0.318924 0.642526 0.135817 0.592877 1.97341 0.0861637
0.603174 1.72406 8.24896 2.14807 3.12919 2.43516 2.09846 0.999777 0.313612 7.26277
0.157646 2.22303 1.52331 5.26018 9.02113 0.276976 6.92876 0.15838 0.308868 1.00427
2.74683 1.1507 0.800783 0.858758 0.870283 0.313529 0.320632 3.0781 0.31351 10.5522
0.219281 9.36038 0.489147 1.81707 0.665541 1.61701 1.24504 0.979468 0.755419 0.896717
1.71804 1.69879 1.58754 1.35992 0.627281 0.745827 0.585112 0.18084 0.210158 0.658427
0.128295 0.331019 3.97241 0.162708 0.234264 0.290306 1.04381 6.0196 2.62083 0.377579
6.3655 0.206861 1.13169 2.3237 1.37069 6.63061 1.75302 0.474339 0.79607 0.485731
0.845765 7.8244 10.1513 2.10329 0.540375 1.19416 1.55511 0.143891 1.10837 2.16857
0.190896 8.15021 6.55668 0.281433 0.225631 5.71104 1.5493 0.163888 0.383988 5.18397
0.443001 0.424545 1.79278 0.198091 0.230213 0.950643 0.835717 0.158047 1.60097 0.862771
1.92194 1.36113 7.88955 8.86472 0.512226 0.910513 1.24618 2.63349 0.145386 0.6112
3.71508 0.344173 1.00554 0.945836 7.58878 0.248411 0.210441 0.835061 0.480651 0.66728
0.316504 0.527316 0.528004 11.3176 1.77165 1.77973 3.18109 0.247963 0.143359 8.5473
0.264942 2.22402 0.282088 1.15998 0.260682 3.31685 0.645363 0.279032 9.64198 0.908182
2.10192 1.79642 0.639551 0.124565 
>noiseOffset:
>observedSynthesisNoise:
>mutation_prior_mean:
***
0 0 0 0 0 0 0 0 0 0
0 0 0 0 0 0 0 0 0 0
0 0 0 0 0 0 0 0 0 0
0 0 0 0 0 0 0 0 0 0
>mutation_prior_sd:
***
0.35 0.35 0.35 0.35 0.35 0.35 0.35 0.35 0.35 0.35
0.35 0.35 0.35 0.35 0.35 0.35 0.35 0.35 0.35 0.35
0.35 0.35 0.35 0.35 0.35 0.35 0.35 0.35 0.35 0.35
0.35 0.35 0.35 0.35 0.35 0.35 0.35 0.35 0.35 0.35
>std_NoiseOffset:
>std_csp:
0.073728 0.073728 0.073728 6.62474 0.89161 1.47907 1.28392 0.159252 0.159252 0.159252
2.21861 0.165888 0.165888 0.713288 0.06144 0.06144 0.06144 0.06144 0.06144 1.84884
0.159252 0.159252 0.159252 2.66233 0.0589824 0.0589824 0.0589824 0.0589824 0.0589824 0.144
0.144 0.144 0.110592 0.110592 0.110592 0.0679477 0.0679477 0.0679477 2.12987 9.53962
>currentMutationParameter:
***
-0.207407 0.441056 0.645644 0.250758 0.722535 -0.661767 0.605098 0.0345033 0.408419 0.715699
0.738052 0.0243036 0.666805 -0.570756 0.450956 1.05956 0.549069 0.409834 -0.196043 0.614633
-0.0635834 0.497277 0.582122 -0.511362 -1.19632 -0.771466 -0.160406 0.476347 0.403494 -0.0784245
0.522261 0.646223 -0.176795 0.540641 0.501026 0.132361 0.717795 0.387088 0.504953 0.368376
>currentSelectionParameter:
***
0.455494 -0.0287941 0.604432 0.401505 -0.115577 -0.275618 -0.315066 0.695738 0.602797 0.647706
-0.185577 0.899399 -0.12117 0.309205 0.342242 0.782413 0.524532 0.449207 0.247185 -0.352595
-0.226298 0.450621 1.26535 -0.460049 -0.0422263 0.526924 1.69558 0.692822 1.02471 0.35579
0.00383938 0.533144 0.459442 -0.142358 0.731877 0.529853 -0.0227157 0.386902 -0.355122 0.0594508
>covarianceMatrix:
A
0.00161243	0	0	0	0	0	
0	0.00161243	0	0	0	0	
0	0	0.00161243	0	0	0	
0	0	0	0.00340716	0.000164743	0.000532289	
0	0	0	0.000164743	0.00196502	1.61375e-05	
0	0	0	0.000532289	1.61375e-05	0.0109064	
***
>covarianceMatrix:
C
0.165618	0	
0	0.165618	
***
>covarianceMatrix:
D
0.0222903	0	
0	0.0222903	
***
>covarianceMatrix:
E
0.0277326	0	
0	0.0286708	
***
>covarianceMatrix:
F
0.032098	0	
0	0.032098	
***
>covarianceMatrix:
G
0.0138663	0	0	0	0	0	
0	0.0138663	0	0	0	0	
0	0	0.0138663	0	0	0	
0	0	0	0.0170163	0.00043427	0.000680313	
0	0	0	0.00043427	0.0182128	0.000171164	
0	0	0	0.000680313	0.000171164	0.0187552	
***
>covarianceMatrix:
H
0.0554653	0	
0	0.0554653	
***
>covarianceMatrix:
I
0.00644973	0	0	0	
0	0.00644973	0	0	
0	0	0.00828476	0.000210575	
0	0	0.000210575	0.00663616	
***
>covarianceMatrix:
K
0.0133742	0	
0	0.013568	
***
>covarianceMatrix:
L
0.00134369	0	0	0	0	0	0	0	0	0	
0	0.00134369	0	0	0	0	0	0	0	0	
0	0	0.00134369	0	0	0	0	0	0	0	
0	0	0	0.00134369	0	0	0	0	0	0	
0	0	0	0	0.00134369	0	0	0	0	0	
0	0	0	0	0	0.00266431	-0.000233855	0.000446604	0.00039188	9.03344e-05	
0	0	0	0	0	-0.000233855	0.0106689	-0.000902672	0.00119857	0.000520521	
0	0	0	0	0	0.000446604	-0.000902672	0.00373479	5.44478e-05	0.00017071	
0	0	0	0	0	0.00039188	0.00119857	5.44478e-05	0.00316148	5.68343e-05	
0	0	0	0	0	9.03344e-05	0.000520521	0.00017071	5.68343e-05	0.00174537	
***
>covarianceMatrix:
N
0.0462211	0	
0	0.0462211	
***
>covarianceMatrix:
P
0.0138663	0	0	0	0	0	
0	0.0138663	0	0	0	0	
0	0	0.0138663	0	0	0	
0	0	0	0.0149664	2.59377e-05	0.00147601	
0	0	0	2.59377e-05	0.0218612	0.00149022	
0	0	0	0.00147601	0.00149022	0.0457411	
***
>covarianceMatrix:
Q
0.0665583	0	
0	0.0665583	
***
>covarianceMatrix:
R
0.00200612	0	0	0	0	0	0	0	0	0	
0	0.00200612	0	0	0	0	0	0	0	0	
0	0	0.00200612	0	0	0	0	0	0	0	
0	0	0	0.00200612	0	0	0	0	0	0	
0	0	0	0	0.00200612	0	0	0	0	0	
0	0	0	0	0	0.00291442	0.000599769	0.00113642	0.000111051	0.000156415	
0	0	0	0	0	0.000599769	0.00794732	-0.000152236	0.00134928	0.000142253	
0	0	0	0	0	0.00113642	-0.000152236	0.0487674	-0.0010025	0.0167875	
0	0	0	0	0	0.000111051	0.00134928	-0.0010025	0.0134896	-0.000446728	
0	0	0	0	0	0.000156415	0.000142253	0.0167875	-0.000446728	0.0489336	
***
>covarianceMatrix:
S
0.00746496	0	0	0	0	0	
0	0.00746496	0	0	0	0	
0	0	0.00746496	0	0	0	
0	0	0	0.00746496	0	0	
0	0	0	0	0.00746496	0	
0	0	0	0	0	0.00746496	
***
>covarianceMatrix:
T
0.0046438	0	0	0	0	0	
0	0.0046438	0	0	0	0	
0	0	0.0046438	0	0	0	
0	0	0	0.00770206	0.000203157	0.0011004	
0	0	0	0.000203157	0.00532268	-4.78703e-05	
0	0	0	0.0011004	-4.78703e-05	0.0114658	
***
>covarianceMatrix:
V
0.00173329	0	0	0	0	0	
0	0.00173329	0	0	0	0	
0	0	0.00173329	0	0	0	
0	0	0	0.00806834	0.000390686	0.000612771	
0	0	0	0.000390686	0.00261276	0.000356762	
0	0	0	0.000612771	0.000356762	0.00400446	
***
>covarianceMatrix:
Y
0.039935	0	
0	0.0407106	
***
>covarianceMatrix:
Z
0.238491	0	
0	0.238491	
***
