>groupList:
A C D E F G H I K L
N P Q R S T V Y Z 
>stdDevSynthesisRate:
1.238 
>numParam:
40
>numMixtures:
1
>std_stdDevSynthesisRate:
0.1
>std_phi:
***
0.1 0.1 0.1 0.1 0.1 0.1 0.1 0.1 0.1 0.1
0.1 0.1 0.1 0.1 0.1 0.1 0.1 0.1 0.1 0.1
0.1 0.1 0.1 0.1 0.1 0.1 0.1 0.1 0.1 0.1
0.1 0.1 0.1 0.1 0.1 0.1 0.1 0.1 0.1 0.1
0.1 0.1 0.1 0.1 0.1 0.1 0.1 0.1 0.1 0.1
0.1 0.1 0.1 0.1 0.1 0.1 0.1 0.1 0.1 0.1
0.1 0.1 0.1 0.1 0.1 0.1 0.1 0.1 0.1 0.1
0.1 0.1 0.1 0.1 0.1 0.1 0.1 0.1 0.1 0.1
0.1 0.1 0.1 0.1 0.1 0.1 0.1 0.1 0.1 0.1
0.1 0.1 0.1 0.1 0.1 0.1 0.1 0.1 0.1 0.1
0.1 0.1 0.1 0.1 0.1 0.1 0.1 0.1 0.1 0.1
0.1 0.1 0.1 0.1 0.1 0.1 0.1 0.1 0.1 0.1
0.1 0.1 0.1 0.1 0.1 0.1 0.1 0.1 0.1 0.1
0.1 0.1 0.1 0.1 0.1 0.1 0.1 0.1 0.1 0.1
0.1 0.1 0.1 0.1 0.1 0.1 0.1 0.1 0.1 0.1
0.1 0.1 0.1 0.1 0.1 0.1 0.1 0.1 0.1 0.1
0.1 0.1 0.1 0.1 0.1 0.1 0.1 0.1 0.1 0.1
0.1 0.1 0.1 0.1 0.1 0.1 0.1 0.1 0.1 0.1
0.1 0.1 0.1 0.1 0.1 0.1 0.1 0.1 0.1 0.1
0.1 0.1 0.1 0.1 0.1 0.1 0.1 0.1 0.1 0.1
0.1 0.1 0.1 0.1 0.1 0.1 0.1 0.1 0.1 0.1
0.1 0.1 0.1 0.1 0.1 0.1 0.1 0.1 0.1 0.1
0.1 0.1 0.1 0.1 0.1 0.1 0.1 0.1 0.1 0.1
0.1 0.1 0.1 0.1 0.1 0.1 0.1 0.1 0.1 0.1
0.1 0.1 0.1 0.1 0.1 0.1 0.1 0.1 0.1 0.1
0.1 0.1 0.1 0.1 0.1 0.1 0.1 0.1 0.1 0.1
0.1 0.1 0.1 0.1 0.1 0.1 0.1 0.1 0.1 0.1
0.1 0.1 0.1 0.1 0.1 0.1 0.1 0.1 0.1 0.1
0.1 0.1 0.1 0.1 0.1 0.1 0.1 0.1 0.1 0.1
0.1 0.1 0.1 0.1 0.1 0.1 0.1 0.1 0.1 0.1
0.1 0.1 0.1 0.1 0.1 0.1 0.1 0.1 0.1 0.1
0.1 0.1 0.1 0.1 0.1 0.1 0.1 0.1 0.1 0.1
0.1 0.1 0.1 0.1 0.1 0.1 0.1 0.1 0.1 0.1
0.1 0.1 0.1 0.1 0.1 0.1 0.1 0.1 0.1 0.1
0.1 0.1 0.1 0.1 0.1 0.1 0.1 0.1 0.1 0.1
0.1 0.1 0.1 0.1 0.1 0.1 0.1 0.1 0.1 0.1
0.1 0.1 0.1 0.1 0.1 0.1 0.1 0.1 0.1 0.1
0.1 0.1 0.1 
>categories:
0 0
>mixtureAssignment:
0 0 0 0 0 0 0 0 0 0 0 0 0 0 0 0 0 0 0 0 0 0 0 0 0 0 0 0 0 0 0 0 0 0 0 0 0 0 0 0 0 0 0 0 0 0 0 0 0 0
0 0 0 0 0 0 0 0 0 0 0 0 0 0 0 0 0 0 0 0 0 0 0 0 0 0 0 0 0 0 0 0 0 0 0 0 0 0 0 0 0 0 0 0 0 0 0 0 0 0
0 0 0 0 0 0 0 0 0 0 0 0 0 0 0 0 0 0 0 0 0 0 0 0 0 0 0 0 0 0 0 0 0 0 0 0 0 0 0 0 0 0 0 0 0 0 0 0 0 0
0 0 0 0 0 0 0 0 0 0 0 0 0 0 0 0 0 0 0 0 0 0 0 0 0 0 0 0 0 0 0 0 0 0 0 0 0 0 0 0 0 0 0 0 0 0 0 0 0 0
0 0 0 0 0 0 0 0 0 0 0 0 0 0 0 0 0 0 0 0 0 0 0 0 0 0 0 0 0 0 0 0 0 0 0 0 0 0 0 0 0 0 0 0 0 0 0 0 0 0
0 0 0 0 0 0 0 0 0 0 0 0 0 0 0 0 0 0 0 0 0 0 0 0 0 0 0 0 0 0 0 0 0 0 0 0 0 0 0 0 0 0 0 0 0 0 0 0 0 0
0 0 0 0 0 0 0 0 0 0 0 0 0 0 0 0 0 0 0 0 0 0 0 0 0 0 0 0 0 0 0 0 0 0 0 0 0 0 0 0 0 0 0 0 0 0 0 0 0 0
0 0 0 0 0 0 0 0 0 0 0 0 0 0 0 0 0 0 0 0 0 0 0 
>numMutationCategories:
1
>numSelectionCategories:
1
>categoryProbabilities:
1 
>selectionIsInMixture:
***
0 
>mutationIsInMixture:
***
0 
>obsPhiSets:
0
>currentSynthesisRateLevel:
***
0.662577 0.970313 8.2157 1.89961 1.0114 0.219281 1.01418 0.258562 0.378622 9.61126
1.04055 1.64435 0.60707 0.434831 1.00934 1.6564 0.248349 0.619466 0.834349 0.412968
2.0554 0.67351 3.57837 0.370679 0.283072 0.813226 0.398454 2.08726 0.431698 0.447109
1.9005 0.995796 1.17937 0.828748 4.14016 9.62122 4.82767 1.00427 2.8494 0.560201
0.711406 0.903102 1.34644 1.59624 0.338177 1.44101 9.26464 0.116749 1.82103 1.5493
4.2956 2.9656 3.17283 1.39086 4.82965 0.323945 1.46338 0.910513 0.0949556 2.21623
0.778072 2.39736 7.80863 1.96676 0.571007 0.293543 0.422456 0.751198 1.37686 0.47984
0.576857 1.25285 2.31629 0.858758 1.03785 2.57202 1.0271 11.1404 2.20942 1.83802
0.210158 1.36113 0.315534 0.154159 0.128295 0.267 0.334961 0.275192 1.26963 1.00467
2.10192 1.13895 1.40451 0.342248 0.176305 0.276298 0.657128 2.86137 0.274645 0.361277
0.206861 0.174234 0.82923 0.261789 0.43936 4.98377 0.143359 1.09233 1.46651 0.191846
0.448078 1.41732 9.90534 3.18109 0.828065 0.510831 0.308868 7.41634 2.86504 10.0236
0.885413 0.307184 1.77939 0.256733 9.87322 2.15103 1.72996 0.224974 2.57141 1.94776
2.53737 0.875464 0.645954 0.0805135 1.03149 0.677008 0.672909 3.16598 0.968473 8.24896
0.365003 0.744321 1.57956 6.10848 1.05052 4.8204 0.116843 1.35945 0.806985 2.89411
0.463414 0.627281 1.69335 1.08733 1.2965 1.00458 1.90956 0.124955 8.24446 2.84988
1.45192 0.294169 1.60468 1.09828 0.262976 0.171355 0.546666 9.31998 0.685459 15.7845
0.207086 0.215552 1.31999 1.38829 0.715994 0.413245 1.61695 11.1545 8.18589 3.78043
0.136692 0.909154 2.76335 0.199078 0.552099 11.1411 6.80728 0.506642 11.3688 0.257064
1.99016 0.145386 2.68203 4.70221 2.52825 2.79552 8.84163 0.652749 1.37945 0.842863
1.45742 0.544466 0.238729 0.30695 1.48172 2.43662 2.49388 0.683706 11.4288 0.510021
0.143891 0.267644 0.7496 1.53053 0.489147 4.58293 0.850383 0.348288 1.24266 0.461963
2.80539 1.29696 0.837823 1.7212 1.05147 0.603671 0.183407 0.485731 0.896717 6.15615
7.34643 0.288678 0.735353 0.206077 3.50483 2.62083 0.205656 1.87883 0.157646 0.573425
0.553425 1.88306 0.502904 2.10329 0.670435 0.267433 2.04656 0.609938 0.39264 0.216671
3.42497 0.451439 0.723517 1.08595 0.198763 11.0797 14.6265 0.670173 3.38736 0.200581
1.78194 0.467649 0.387797 8.5473 1.0889 0.273706 0.950643 1.39554 3.45777 1.24504
0.923493 0.699497 6.0196 1.01507 2.76024 2.02408 1.55511 1.33357 0.249247 0.274494
1.0079 0.835319 0.487982 0.381561 4.23674 0.672078 1.70683 0.338328 0.153744 0.235313
0.822239 0.476443 0.214367 0.421088 1.37454 9.9739 0.80248 0.906959 1.3737 2.06774
1.28245 0.616338 0.217891 1.62902 7.76369 2.10567 0.384478 1.10637 2.70924 8.07389
8.11798 1.92194 1.43314 1.7294 0.187865 1.05498 1.60097 0.178297 0.314087 2.44538
1.45813 0.434425 0.257503 0.426409 1.26439 1.89005 0.215772 7.46856 0.28204 0.291145
0.615464 0.249293 0.130302 0.151314 0.670055 4.66688 1.11906 10.8716 1.03351 0.248411
0.393924 0.72307 0.158047 0.753446 0.166427 1.34094 0.316504 0.56359 0.508051 0.185026
0.108803 0.210515 3.70938 0.479653 1.68513 1.04381 0.433506 2.16857 0.298307 0.341635
0.445575 1.26588 7.0168 1.75479 0.35707 1.17453 0.562304 0.281425 7.80405 0.805071
8.77613 4.1835 0.190218 
>noiseOffset:
>observedSynthesisNoise:
>std_NoiseOffset:
>mutation_prior_mean:
***
0 0 0 0 0 0 0 0 0 0
0 0 0 0 0 0 0 0 0 0
0 0 0 0 0 0 0 0 0 0
0 0 0 0 0 0 0 0 0 0
>mutation_prior_sd:
***
0.35 0.35 0.35 0.35 0.35 0.35 0.35 0.35 0.35 0.35
0.35 0.35 0.35 0.35 0.35 0.35 0.35 0.35 0.35 0.35
0.35 0.35 0.35 0.35 0.35 0.35 0.35 0.35 0.35 0.35
0.35 0.35 0.35 0.35 0.35 0.35 0.35 0.35 0.35 0.35
>std_csp:
2.64587e+08 2.64587e+08 2.64587e+08 6.24182e+18 6.24182e+18 6.24182e+18 6.24182e+18 3.17504e+08 3.17504e+08 3.17504e+08
6.24182e+18 2.09037e+18 2.09037e+18 6.24182e+18 0.298598 0.298598 0.298598 0.298598 0.298598 6.24182e+18
125013 125013 125013 6.24182e+18 0.0652298 0.0652298 0.0652298 0.0652298 0.0652298 1.01436e+10
1.01436e+10 1.01436e+10 2.8309e+09 2.8309e+09 2.8309e+09 1.9659e+09 1.9659e+09 1.9659e+09 6.24182e+18 6.24182e+18
>currentMutationParameter:
***
-0.207407 0.441056 0.645644 0.250758 0.722535 -0.661767 0.605098 0.0345033 0.408419 0.715699
0.738052 0.0243036 0.666805 -0.570756 0.450956 1.05956 0.549069 0.409834 -0.196043 0.614633
-0.0635834 0.497277 0.582122 -0.511362 -1.19632 -0.771466 -0.160406 0.476347 0.403494 -0.0784245
0.522261 0.646223 -0.176795 0.540641 0.501026 0.132361 0.717795 0.387088 0.504953 0.368376
>currentSelectionParameter:
***
0.545588 0.0269512 0.872947 0.196749 -0.113804 -0.510403 -0.207447 1.25818 0.479504 0.672128
-0.325801 0.946573 -0.00437943 0.260593 0.335078 1.15029 0.572527 0.815263 0.376127 -0.224728
-0.290007 0.342446 0.540666 -0.476128 -0.124726 0.488517 2.13216 1.00052 1.99789 0.635437
-0.0796399 0.304972 0.408958 -0.0968973 0.498483 0.516622 -0.086134 0.332148 -0.284964 0.634852
>covarianceMatrix:
A
7.96486e-42	0	0	0	0	0	
0	7.96486e-42	0	0	0	0	
0	0	7.96486e-42	0	0	0	
0	0	0	0.0185312	0.000563098	0.0033206	
0	0	0	0.000563098	0.00243311	0.00147672	
0	0	0	0.0033206	0.00147672	0.0887278	
***
>covarianceMatrix:
C
5.38349e-39	0	
0	0.00677877	
***
>covarianceMatrix:
D
5.38349e-39	0	
0	0.00357078	
***
>covarianceMatrix:
E
5.38349e-39	0	
0	0.0151991	
***
>covarianceMatrix:
F
5.38349e-39	0	
0	0.00481728	
***
>covarianceMatrix:
G
3.38797e-38	0	0	0	0	0	
0	3.38797e-38	0	0	0	0	
0	0	3.38797e-38	0	0	0	
0	0	0	0.0394573	-0.00047992	0.00132083	
0	0	0	-0.00047992	0.0155438	0.0004737	
0	0	0	0.00132083	0.0004737	0.0404068	
***
>covarianceMatrix:
H
5.38349e-39	0	
0	0.0077468	
***
>covarianceMatrix:
I
1.80292e-39	0	0	0	
0	1.80292e-39	0	0	
0	0	0.0164572	0.00106333	
0	0	0.00106333	0.00148095	
***
>covarianceMatrix:
K
5.38349e-39	0	
0	0.00326788	
***
>covarianceMatrix:
L
3.62027e-14	0	0	0	0	0	0	0	0	0	
0	3.62027e-14	0	0	0	0	0	0	0	0	
0	0	3.62027e-14	0	0	0	0	0	0	0	
0	0	0	3.62027e-14	0	0	0	0	0	0	
0	0	0	0	3.62027e-14	0	0	0	0	0	
0	0	0	0	0	0.00499243	0.00302419	0.00268584	0.00103065	0.000474645	
0	0	0	0	0	0.00302419	0.0605843	0.00473001	-0.00314753	0.000416846	
0	0	0	0	0	0.00268584	0.00473001	0.0178053	0.00198461	0.000449125	
0	0	0	0	0	0.00103065	-0.00314753	0.00198461	0.0125662	-0.000696827	
0	0	0	0	0	0.000474645	0.000416846	0.000449125	-0.000696827	0.0027887	
***
>covarianceMatrix:
N
5.38349e-39	0	
0	0.00729608	
***
>covarianceMatrix:
P
2.15551e-33	0	0	0	0	0	
0	2.15551e-33	0	0	0	0	
0	0	2.15551e-33	0	0	0	
0	0	0	0.00830066	0.00425607	0.00331171	
0	0	0	0.00425607	0.0288784	-0.0080283	
0	0	0	0.00331171	-0.0080283	0.143947	
***
>covarianceMatrix:
Q
5.38349e-39	0	
0	0.0247791	
***
>covarianceMatrix:
R
1.03292e-17	0	0	0	0	0	0	0	0	0	
0	1.03292e-17	0	0	0	0	0	0	0	0	
0	0	1.03292e-17	0	0	0	0	0	0	0	
0	0	0	1.03292e-17	0	0	0	0	0	0	
0	0	0	0	1.03292e-17	0	0	0	0	0	
0	0	0	0	0	0.00382103	0.000978181	-0.000387415	0.00470932	-0.00355398	
0	0	0	0	0	0.000978181	0.00688511	-0.00464619	-0.000778967	0.00593291	
0	0	0	0	0	-0.000387415	-0.00464619	0.112043	0.00496127	-0.0117756	
0	0	0	0	0	0.00470932	-0.000778967	0.00496127	0.0345382	0.00459641	
0	0	0	0	0	-0.00355398	0.00593291	-0.0117756	0.00459641	0.133771	
***
>covarianceMatrix:
S
5.12877e-42	0	0	0	0	0	
0	5.12877e-42	0	0	0	0	
0	0	5.12877e-42	0	0	0	
0	0	0	0.0143826	0.000983563	0.00129788	
0	0	0	0.000983563	0.00203669	0.00154781	
0	0	0	0.00129788	0.00154781	0.0232663	
***
>covarianceMatrix:
T
3.06787e-41	0	0	0	0	0	
0	3.06787e-41	0	0	0	0	
0	0	3.06787e-41	0	0	0	
0	0	0	0.00580856	0.000419567	0.00189743	
0	0	0	0.000419567	0.0011852	0.000783611	
0	0	0	0.00189743	0.000783611	0.0189815	
***
>covarianceMatrix:
V
2.7398e-40	0	0	0	0	0	
0	2.7398e-40	0	0	0	0	
0	0	2.7398e-40	0	0	0	
0	0	0	0.0118648	3.74278e-05	0.00144011	
0	0	0	3.74278e-05	0.000582476	0.000319585	
0	0	0	0.00144011	0.000319585	0.00593286	
***
>covarianceMatrix:
Y
5.38349e-39	0	
0	0.0053006	
***
>covarianceMatrix:
Z
5.38349e-39	0	
0	0.0907013	
***
