>groupList:
A C D E F G H I K L
N P Q R S T V Y Z 
>stdDevSynthesisRate:
1.238 
>numParam:
40
>numMixtures:
1
>std_stdDevSynthesisRate:
0.1
>std_phi:
***
0.1 0.1 0.1 0.1 0.1 0.1 0.1 0.1 0.1 0.1
0.1 0.1 0.1 0.1 0.1 0.1 0.1 0.1 0.1 0.1
0.1 0.1 0.1 0.1 0.1 0.1 0.1 0.1 0.1 0.1
0.1 0.1 0.1 0.1 0.1 0.1 0.1 0.1 0.1 0.1
0.1 0.1 0.1 0.1 0.1 0.1 0.1 0.1 0.1 0.1
0.1 0.1 0.1 0.1 0.1 0.1 0.1 0.1 0.1 0.1
0.1 0.1 0.1 0.1 0.1 0.1 0.1 0.1 0.1 0.1
0.1 0.1 0.1 0.1 0.1 0.1 0.1 0.1 0.1 0.1
0.1 0.1 0.1 0.1 0.1 0.1 0.1 0.1 0.1 0.1
0.1 0.1 0.1 0.1 0.1 0.1 0.1 0.1 0.1 0.1
0.1 0.1 0.1 0.1 0.1 0.1 0.1 0.1 0.1 0.1
0.1 0.1 0.1 0.1 0.1 0.1 0.1 0.1 0.1 0.1
0.1 0.1 0.1 0.1 0.1 0.1 0.1 0.1 0.1 0.1
0.1 0.1 0.1 0.1 0.1 0.1 0.1 0.1 0.1 0.1
0.1 0.1 0.1 0.1 0.1 0.1 0.1 0.1 0.1 0.1
0.1 0.1 0.1 0.1 0.1 0.1 0.1 0.1 0.1 0.1
0.1 0.1 0.1 0.1 0.1 0.1 0.1 0.1 0.1 0.1
0.1 0.1 0.1 0.1 0.1 0.1 0.1 0.1 0.1 0.1
0.1 0.1 0.1 0.1 0.1 0.1 0.1 0.1 0.1 0.1
0.1 0.1 0.1 0.1 0.1 0.1 0.1 0.1 0.1 0.1
0.1 0.1 0.1 0.1 0.1 0.1 0.1 0.1 0.1 0.1
0.1 0.1 0.1 0.1 0.1 0.1 0.1 0.1 0.1 0.1
0.1 0.1 0.1 0.1 0.1 0.1 0.1 0.1 0.1 0.1
0.1 0.1 0.1 0.1 0.1 0.1 0.1 0.1 0.1 0.1
0.1 0.1 0.1 0.1 0.1 0.1 0.1 0.1 0.1 0.1
0.1 0.1 0.1 0.1 0.1 0.1 0.1 0.1 0.1 0.1
0.1 0.1 0.1 0.1 0.1 0.1 0.1 0.1 0.1 0.1
0.1 0.1 0.1 0.1 0.1 0.1 0.1 0.1 0.1 0.1
0.1 0.1 0.1 0.1 0.1 0.1 0.1 0.1 0.1 0.1
0.1 0.1 0.1 0.1 0.1 0.1 0.1 0.1 0.1 0.1
0.1 0.1 0.1 0.1 0.1 0.1 0.1 0.1 0.1 0.1
0.1 0.1 0.1 0.1 0.1 0.1 0.1 0.1 0.1 0.1
0.1 0.1 0.1 0.1 0.1 0.1 0.1 0.1 0.1 0.1
0.1 0.1 0.1 0.1 0.1 0.1 0.1 0.1 0.1 0.1
0.1 0.1 0.1 0.1 0.1 0.1 0.1 0.1 0.1 0.1
0.1 0.1 0.1 0.1 0.1 0.1 0.1 0.1 0.1 0.1
0.1 0.1 0.1 0.1 0.1 0.1 0.1 0.1 0.1 0.1
0.1 0.1 0.1 0.1 0.1 0.1 0.1 0.1 0.1 0.1
0.1 0.1 0.1 0.1 0.1 0.1 0.1 0.1 0.1 0.1
0.1 0.1 0.1 0.1 0.1 0.1 0.1 0.1 0.1 0.1
0.1 0.1 0.1 0.1 0.1 0.1 0.1 0.1 0.1 0.1
0.1 0.1 0.1 0.1 0.1 0.1 0.1 0.1 0.1 0.1
0.1 0.1 0.1 0.1 0.1 0.1 0.1 0.1 0.1 0.1
0.1 0.1 0.1 0.1 0.1 0.1 0.1 0.1 0.1 0.1
0.1 0.1 0.1 0.1 0.1 0.1 0.1 0.1 0.1 0.1
0.1 0.1 0.1 0.1 0.1 0.1 0.1 0.1 0.1 0.1
0.1 0.1 0.1 0.1 0.1 0.1 0.1 0.1 0.1 0.1
0.1 0.1 0.1 0.1 0.1 0.1 0.1 0.1 0.1 0.1
0.1 0.1 0.1 0.1 0.1 0.1 0.1 0.1 0.1 0.1
0.1 0.1 0.1 0.1 0.1 0.1 0.1 0.1 0.1 0.1
>categories:
0 0
>mixtureAssignment:
0 0 0 0 0 0 0 0 0 0 0 0 0 0 0 0 0 0 0 0 0 0 0 0 0 0 0 0 0 0 0 0 0 0 0 0 0 0 0 0 0 0 0 0 0 0 0 0 0 0
0 0 0 0 0 0 0 0 0 0 0 0 0 0 0 0 0 0 0 0 0 0 0 0 0 0 0 0 0 0 0 0 0 0 0 0 0 0 0 0 0 0 0 0 0 0 0 0 0 0
0 0 0 0 0 0 0 0 0 0 0 0 0 0 0 0 0 0 0 0 0 0 0 0 0 0 0 0 0 0 0 0 0 0 0 0 0 0 0 0 0 0 0 0 0 0 0 0 0 0
0 0 0 0 0 0 0 0 0 0 0 0 0 0 0 0 0 0 0 0 0 0 0 0 0 0 0 0 0 0 0 0 0 0 0 0 0 0 0 0 0 0 0 0 0 0 0 0 0 0
0 0 0 0 0 0 0 0 0 0 0 0 0 0 0 0 0 0 0 0 0 0 0 0 0 0 0 0 0 0 0 0 0 0 0 0 0 0 0 0 0 0 0 0 0 0 0 0 0 0
0 0 0 0 0 0 0 0 0 0 0 0 0 0 0 0 0 0 0 0 0 0 0 0 0 0 0 0 0 0 0 0 0 0 0 0 0 0 0 0 0 0 0 0 0 0 0 0 0 0
0 0 0 0 0 0 0 0 0 0 0 0 0 0 0 0 0 0 0 0 0 0 0 0 0 0 0 0 0 0 0 0 0 0 0 0 0 0 0 0 0 0 0 0 0 0 0 0 0 0
0 0 0 0 0 0 0 0 0 0 0 0 0 0 0 0 0 0 0 0 0 0 0 0 0 0 0 0 0 0 0 0 0 0 0 0 0 0 0 0 0 0 0 0 0 0 0 0 0 0
0 0 0 0 0 0 0 0 0 0 0 0 0 0 0 0 0 0 0 0 0 0 0 0 0 0 0 0 0 0 0 0 0 0 0 0 0 0 0 0 0 0 0 0 0 0 0 0 0 0
0 0 0 0 0 0 0 0 0 0 0 0 0 0 0 0 0 0 0 0 0 0 0 0 0 0 0 0 0 0 0 0 0 0 0 0 0 0 0 0 0 0 0 0 0 0 0 0 0 0
>numMutationCategories:
1
>numSelectionCategories:
1
>categoryProbabilities:
1 
>selectionIsInMixture:
***
0 
>mutationIsInMixture:
***
0 
>obsPhiSets:
0
>currentSynthesisRateLevel:
***
2.0554 2.01218 0.144042 0.0805135 1.71206 4.58293 0.723041 8.62154 0.341635 2.57141
0.886986 0.723517 1.0114 0.633312 0.253862 0.116843 1.46651 6.15615 1.26439 1.28245
2.10567 1.69335 2.7152 0.672078 8.18589 0.370679 2.76335 0.39264 0.461963 0.237547
11.4288 3.50483 0.130642 1.00467 1.26588 0.365003 11.0797 0.991831 0.262976 0.150402
0.835319 4.77829 1.3737 0.279028 1.75479 0.448076 2.04656 0.249247 2.49388 0.47984
0.421088 3.62364 0.560201 0.493067 5.32052 1.08733 0.334961 1.74198 1.64435 3.65697
0.291145 0.217891 1.0271 2.79552 9.3305 0.995796 2.68203 0.906959 1.0889 4.15137
0.842863 4.1835 0.431698 7.46856 3.14037 4.23674 0.434831 1.77939 5.63077 0.806985
0.108803 1.17453 1.31999 1.25833 0.908871 0.18598 0.0949556 0.834349 0.238729 0.342248
0.683706 0.670435 2.69497 0.573425 9.90534 1.7294 2.31629 0.609938 0.130302 0.657128
0.236379 2.06516 4.98377 0.176305 0.82923 0.448078 2.44538 10.8716 1.25285 1.18227
1.05147 2.8494 0.256733 1.29696 0.248349 0.467649 2.86137 0.207086 0.952764 0.627379
1.94776 2.3627 0.828065 0.298307 11.3688 1.07561 1.0532 7.83432 1.61695 2.20942
1.45742 0.422456 0.968473 0.178297 0.80248 4.43534 0.294169 0.479653 5.56481 1.26
1.88306 0.381561 1.40755 1.24266 0.151314 0.544466 1.41732 0.206077 2.76024 1.40451
0.670173 4.2956 6.10848 0.183407 0.216671 0.805071 0.662577 0.885413 2.84988 8.68323
1.37945 0.445575 8.97598 1.44101 0.755599 0.261789 0.562304 1.45192 0.476443 1.09828
1.62902 1.57956 2.57202 0.751198 1.05211 0.205656 1.09233 0.235276 0.571007 8.41835
0.60707 1.13895 0.378622 0.274645 1.34094 1.03149 0.603671 0.250383 0.642526 15.7845
0.670055 0.923493 0.592877 0.699497 1.90956 0.822239 1.97341 9.87322 1.91123 8.24896
1.00934 0.677008 0.711406 1.03785 0.116749 1.82103 1.60023 0.487982 0.275192 1.0079
0.433506 0.837823 0.384478 0.200021 0.576857 0.510831 6.23155 0.249293 0.166427 0.329583
0.510021 8.07389 2.70924 0.850383 1.05329 1.39086 0.314087 1.7212 0.999777 1.34644
8.77613 0.715994 2.76538 0.615464 0.753446 0.735353 0.157646 0.174234 0.488207 0.735276
0.553425 1.52331 0.412968 6.64996 0.463414 1.08595 0.894254 8.2157 0.15838 0.308868
0.508051 1.32281 0.323945 0.136692 1.00427 2.74683 1.41629 1.35945 1.40975 0.858758
0.870283 2.91857 14.6265 2.52825 0.805476 0.224974 0.313529 0.970313 0.214367 1.46154
0.619466 0.2287 3.70938 4.14016 7.80405 5.31728 1.43314 1.46338 0.7496 0.219281
3.16598 9.36038 0.198763 0.451439 0.489147 0.338328 1.24504 0.27706 1.68513 0.896717
1.71804 0.267433 0.56359 0.413245 2.89411 0.72307 0.43936 0.744321 8.24446 0.627281
0.546666 0.506642 0.268595 0.18084 4.70221 0.210158 0.210515 3.38736 0.199078 0.128295
0.284565 9.61126 0.267644 0.215772 0.652749 3.45777 0.426409 1.21521 0.215552 1.01418
0.234264 2.00096 0.387797 0.390754 8.84163 0.940851 1.83802 1.04381 0.315534 6.0196
3.03008 2.62083 7.80863 0.377579 6.3655 0.321659 0.206861 0.27127 0.928732 0.191846
6.80728 0.257503 0.250276 1.39554 0.875464 2.06774 0.685459 2.29842 0.79607 0.305065
8.11798 0.485731 0.28204 7.8244 2.10329 0.393924 0.345151 0.778072 1.58606 1.55511
1.37454 0.143891 1.04055 2.16857 0.283072 9.26464 3.57837 6.55668 2.53737 0.907844
0.502904 1.5493 0.288678 7.76369 2.9656 0.16718 0.281425 0.187865 0.403059 1.01507
2.39736 5.18397 0.168741 7.0168 0.153744 1.60468 0.35707 2.21623 0.273706 0.258562
1.00055 9.31998 0.274494 0.909154 1.03351 4.66688 0.68913 0.950643 0.158047 8.94511
0.672909 1.80981 1.60097 2.15103 0.307184 0.257064 2.86504 1.2965 1.05052 2.80539
1.92194 0.293543 1.36113 0.398454 0.360868 3.42497 7.88955 9.62122 9.9739 1.17937
0.910513 1.99016 0.67351 1.10637 0.813226 0.190218 0.276298 0.200581 11.1411 0.145386
0.645954 1.78194 8.31265 1.45813 3.71508 10.0236 1.96676 0.616338 1.72996 1.05498
0.30695 2.08726 0.248411 0.99442 0.210441 1.6564 1.37686 7.41634 0.267 1.11906
1.38829 0.903102 0.278192 7.34643 0.317167 1.89005 2.02529 0.828748 2.2566 0.316504
2.43662 1.33357 0.154159 4.82767 1.26963 3.78043 0.361277 0.447109 3.18109 0.120894
0.185026 1.9005 0.143359 8.5473 1.00458 4.82965 0.348288 0.171355 1.48172 11.1545
0.282088 0.681894 3.17283 0.35144 0.124955 0.338177 1.70683 0.434425 4.8204 0.749275
11.1404 1.53053 1.59624 0.555914 2.02408 2.10192 1.87883 0.235313 1.89961 0.552099
>noiseOffset:
>observedSynthesisNoise:
>std_NoiseOffset:
>mutation_prior_mean:
***
0 0 0 0 0 0 0 0 0 0
0 0 0 0 0 0 0 0 0 0
0 0 0 0 0 0 0 0 0 0
0 0 0 0 0 0 0 0 0 0
>mutation_prior_sd:
***
0.35 0.35 0.35 0.35 0.35 0.35 0.35 0.35 0.35 0.35
0.35 0.35 0.35 0.35 0.35 0.35 0.35 0.35 0.35 0.35
0.35 0.35 0.35 0.35 0.35 0.35 0.35 0.35 0.35 0.35
0.35 0.35 0.35 0.35 0.35 0.35 0.35 0.35 0.35 0.35
>std_csp:
3.99392e+06 3.99392e+06 3.99392e+06 6.24182e+18 6.24182e+18 6.24182e+18 6.24182e+18 1.01436e+10 1.01436e+10 1.01436e+10
6.24182e+18 1.74198e+18 1.74198e+18 6.24182e+18 0.20736 0.20736 0.20736 0.20736 0.20736 6.24182e+18
135.454 135.454 135.454 6.24182e+18 0.00583667 0.00583667 0.00583667 0.00583667 0.00583667 6.15344e+07
6.15344e+07 6.15344e+07 5.48647e+08 5.48647e+08 5.48647e+08 1.46068e+10 1.46068e+10 1.46068e+10 6.24182e+18 6.24182e+18
>currentMutationParameter:
***
-0.207407 0.441056 0.645644 0.250758 0.722535 -0.661767 0.605098 0.0345033 0.408419 0.715699
0.738052 0.0243036 0.666805 -0.570756 0.450956 1.05956 0.549069 0.409834 -0.196043 0.614633
-0.0635834 0.497277 0.582122 -0.511362 -1.19632 -0.771466 -0.160406 0.476347 0.403494 -0.0784245
0.522261 0.646223 -0.176795 0.540641 0.501026 0.132361 0.717795 0.387088 0.504953 0.368376
>currentSelectionParameter:
***
0.488994 0.0215509 0.78759 0.307169 -0.232875 -0.316172 -0.28464 1.12636 0.528161 0.901848
-0.305841 0.855663 -0.0841954 0.321997 0.476805 0.797017 0.36791 0.462228 0.219833 -0.287009
-0.205687 0.264722 1.42525 -0.643439 -0.129261 0.400976 2.05916 1.44056 1.71553 0.333206
-0.105913 0.963196 0.428696 -0.159057 1.00121 0.532311 -0.0545445 0.467471 -0.362886 0.649643
>covarianceMatrix:
A
1.14774e-31	0	0	0	0	0	
0	1.14774e-31	0	0	0	0	
0	0	1.14774e-31	0	0	0	
0	0	0	0.0104654	0.00086338	0.00659031	
0	0	0	0.00086338	0.0023922	0.00385405	
0	0	0	0.00659031	0.00385405	0.0782014	
***
>covarianceMatrix:
C
5.38349e-39	0	
0	0.0606481	
***
>covarianceMatrix:
D
5.38349e-39	0	
0	0.00543835	
***
>covarianceMatrix:
E
5.38349e-39	0	
0	0.0127859	
***
>covarianceMatrix:
F
5.38349e-39	0	
0	0.00408473	
***
>covarianceMatrix:
G
6.59564e-41	0	0	0	0	0	
0	6.59564e-41	0	0	0	0	
0	0	6.59564e-41	0	0	0	
0	0	0	0.037897	0.000387882	0.0048366	
0	0	0	0.000387882	0.0103381	0.00282268	
0	0	0	0.0048366	0.00282268	0.0247904	
***
>covarianceMatrix:
H
5.38349e-39	0	
0	0.011527	
***
>covarianceMatrix:
I
1.50243e-39	0	0	0	
0	1.50243e-39	0	0	
0	0	0.0166664	0.00143933	
0	0	0.00143933	0.00243416	
***
>covarianceMatrix:
K
5.38349e-39	0	
0	0.00385285	
***
>covarianceMatrix:
L
4.19013e-14	0	0	0	0	0	0	0	0	0	
0	4.19013e-14	0	0	0	0	0	0	0	0	
0	0	4.19013e-14	0	0	0	0	0	0	0	
0	0	0	4.19013e-14	0	0	0	0	0	0	
0	0	0	0	4.19013e-14	0	0	0	0	0	
0	0	0	0	0	0.00521049	0.00589703	0.000615205	0.000123934	0.00076813	
0	0	0	0	0	0.00589703	0.0776146	0.00451872	-0.00433329	-0.000287723	
0	0	0	0	0	0.000615205	0.00451872	0.0186651	-0.000131214	9.0883e-05	
0	0	0	0	0	0.000123934	-0.00433329	-0.000131214	0.00714967	0.000275532	
0	0	0	0	0	0.00076813	-0.000287723	9.0883e-05	0.000275532	0.00239958	
***
>covarianceMatrix:
N
5.38349e-39	0	
0	0.00759446	
***
>covarianceMatrix:
P
8.02641e-25	0	0	0	0	0	
0	8.02641e-25	0	0	0	0	
0	0	8.02641e-25	0	0	0	
0	0	0	0.0140479	0.00973575	0.00848455	
0	0	0	0.00973575	0.0438258	-0.0528663	
0	0	0	0.00848455	-0.0528663	0.568988	
***
>covarianceMatrix:
Q
5.38349e-39	0	
0	0.0478178	
***
>covarianceMatrix:
R
7.35571e-26	0	0	0	0	0	0	0	0	0	
0	7.35571e-26	0	0	0	0	0	0	0	0	
0	0	7.35571e-26	0	0	0	0	0	0	0	
0	0	0	7.35571e-26	0	0	0	0	0	0	
0	0	0	0	7.35571e-26	0	0	0	0	0	
0	0	0	0	0	0.00290534	0.00209101	0.00605113	0.00231686	-0.000591642	
0	0	0	0	0	0.00209101	0.0166077	0.033846	-0.00264653	0.0165643	
0	0	0	0	0	0.00605113	0.033846	0.333348	0.0291169	0.115843	
0	0	0	0	0	0.00231686	-0.00264653	0.0291169	0.0983323	0.0312829	
0	0	0	0	0	-0.000591642	0.0165643	0.115843	0.0312829	0.118817	
***
>covarianceMatrix:
S
3.90929e-37	0	0	0	0	0	
0	3.90929e-37	0	0	0	0	
0	0	3.90929e-37	0	0	0	
0	0	0	0.0174833	0.00155894	0.00808564	
0	0	0	0.00155894	0.00442539	0.00199224	
0	0	0	0.00808564	0.00199224	0.0457011	
***
>covarianceMatrix:
T
5.8999e-40	0	0	0	0	0	
0	5.8999e-40	0	0	0	0	
0	0	5.8999e-40	0	0	0	
0	0	0	0.0172413	0.000327256	-0.00101496	
0	0	0	0.000327256	0.00153709	0.00172253	
0	0	0	-0.00101496	0.00172253	0.0446631	
***
>covarianceMatrix:
V
2.06745e-43	0	0	0	0	0	
0	2.06745e-43	0	0	0	0	
0	0	2.06745e-43	0	0	0	
0	0	0	0.00798218	0.000158512	0.00126138	
0	0	0	0.000158512	0.000757213	0.000337429	
0	0	0	0.00126138	0.000337429	0.00670048	
***
>covarianceMatrix:
Y
5.38349e-39	0	
0	0.0083442	
***
>covarianceMatrix:
Z
5.38349e-39	0	
0	0.142332	
***
