>groupList:
A C D E F G H I K L
N P Q R S T V Y Z 
>stdDevSynthesisRate:
0.01 
>numParam:
40
>numMixtures:
1
>std_stdDevSynthesisRate:
0.1
>std_phi:
***
0.1 0.1 0.1 0.1 0.1 0.1 0.1 0.1 0.1 0.1
0.1 0.1 0.1 0.1 0.1 0.1 0.1 0.1 0.1 0.1
0.1 0.1 0.1 0.1 0.1 0.1 0.1 0.1 0.1 0.1
0.1 0.1 0.1 0.1 0.1 0.1 0.1 0.1 0.1 0.1
0.1 0.1 0.1 0.1 0.1 0.1 0.1 0.1 0.1 0.1
0.1 0.1 0.1 0.1 0.1 0.1 0.1 0.1 0.1 0.1
0.1 0.1 0.1 0.1 0.1 0.1 0.1 0.1 0.1 0.1
0.1 0.1 0.1 0.1 0.1 0.1 0.1 0.1 0.1 0.1
0.1 0.1 0.1 0.1 0.1 0.1 0.1 0.1 0.1 0.1
0.1 0.1 0.1 0.1 0.1 0.1 0.1 0.1 0.1 0.1
0.1 0.1 0.1 0.1 0.1 0.1 0.1 0.1 0.1 0.1
0.1 0.1 0.1 0.1 0.1 0.1 0.1 0.1 0.1 0.1
0.1 0.1 0.1 0.1 0.1 0.1 0.1 0.1 0.1 0.1
0.1 0.1 0.1 0.1 0.1 0.1 0.1 0.1 0.1 0.1
0.1 0.1 0.1 0.1 0.1 0.1 0.1 0.1 0.1 0.1
0.1 0.1 0.1 0.1 0.1 0.1 0.1 0.1 0.1 0.1
0.1 0.1 0.1 0.1 0.1 0.1 0.1 0.1 0.1 0.1
0.1 0.1 0.1 0.1 0.1 0.1 0.1 0.1 0.1 0.1
0.1 0.1 0.1 0.1 0.1 0.1 0.1 0.1 0.1 0.1
0.1 0.1 0.1 0.1 0.1 0.1 0.1 0.1 0.1 0.1
0.1 0.1 0.1 0.1 0.1 0.1 0.1 0.1 0.1 0.1
0.1 0.1 0.1 0.1 0.1 0.1 0.1 0.1 0.1 0.1
0.1 0.1 0.1 0.1 0.1 0.1 0.1 0.1 0.1 0.1
0.1 0.1 0.1 0.1 0.1 0.1 0.1 0.1 0.1 0.1
0.1 0.1 0.1 0.1 0.1 0.1 0.1 0.1 0.1 0.1
0.1 0.1 0.1 0.1 0.1 0.1 0.1 0.1 0.1 0.1
0.1 0.1 0.1 0.1 0.1 0.1 0.1 0.1 0.1 0.1
0.1 0.1 0.1 0.1 0.1 0.1 0.1 0.1 0.1 0.1
0.1 0.1 0.1 0.1 0.1 0.1 0.1 0.1 0.1 0.1
0.1 0.1 0.1 0.1 0.1 0.1 0.1 0.1 0.1 0.1
0.1 0.1 0.1 0.1 0.1 0.1 0.1 0.1 0.1 0.1
0.1 0.1 0.1 0.1 0.1 0.1 0.1 0.1 0.1 0.1
0.1 0.1 0.1 0.1 0.1 0.1 0.1 0.1 0.1 0.1
0.1 0.1 0.1 0.1 0.1 0.1 0.1 0.1 0.1 0.1
0.1 0.1 0.1 0.1 0.1 0.1 0.1 0.1 0.1 0.1
0.1 0.1 0.1 0.1 0.1 0.1 0.1 0.1 0.1 0.1
0.1 0.1 0.1 0.1 0.1 0.1 0.1 0.1 0.1 0.1
0.1 0.1 0.1 0.1 0.1 0.1 0.1 0.1 0.1 0.1
0.1 0.1 0.1 0.1 0.1 0.1 0.1 0.1 0.1 0.1
0.1 0.1 0.1 0.1 0.1 0.1 0.1 0.1 0.1 0.1
0.1 0.1 0.1 0.1 0.1 0.1 0.1 0.1 0.1 0.1
0.1 0.1 0.1 0.1 0.1 0.1 0.1 0.1 0.1 0.1
0.1 0.1 0.1 0.1 0.1 0.1 0.1 0.1 0.1 0.1
0.1 0.1 0.1 0.1 0.1 0.1 0.1 0.1 0.1 0.1
0.1 0.1 0.1 0.1 0.1 0.1 0.1 0.1 0.1 0.1
0.1 0.1 0.1 0.1 0.1 0.1 0.1 0.1 0.1 0.1
0.1 0.1 0.1 0.1 0.1 0.1 0.1 0.1 0.1 0.1
0.1 0.1 0.1 0.1 0.1 0.1 0.1 0.1 0.1 0.1
0.1 0.1 0.1 0.1 0.1 0.1 0.1 0.1 0.1 0.1
0.1 0.1 0.1 0.1 0.1 0.1 0.1 0.1 0.1 0.1
0.1 
>categories:
0 0
>mixtureAssignment:
0 0 0 0 0 0 0 0 0 0 0 0 0 0 0 0 0 0 0 0 0 0 0 0 0 0 0 0 0 0 0 0 0 0 0 0 0 0 0 0 0 0 0 0 0 0 0 0 0 0
0 0 0 0 0 0 0 0 0 0 0 0 0 0 0 0 0 0 0 0 0 0 0 0 0 0 0 0 0 0 0 0 0 0 0 0 0 0 0 0 0 0 0 0 0 0 0 0 0 0
0 0 0 0 0 0 0 0 0 0 0 0 0 0 0 0 0 0 0 0 0 0 0 0 0 0 0 0 0 0 0 0 0 0 0 0 0 0 0 0 0 0 0 0 0 0 0 0 0 0
0 0 0 0 0 0 0 0 0 0 0 0 0 0 0 0 0 0 0 0 0 0 0 0 0 0 0 0 0 0 0 0 0 0 0 0 0 0 0 0 0 0 0 0 0 0 0 0 0 0
0 0 0 0 0 0 0 0 0 0 0 0 0 0 0 0 0 0 0 0 0 0 0 0 0 0 0 0 0 0 0 0 0 0 0 0 0 0 0 0 0 0 0 0 0 0 0 0 0 0
0 0 0 0 0 0 0 0 0 0 0 0 0 0 0 0 0 0 0 0 0 0 0 0 0 0 0 0 0 0 0 0 0 0 0 0 0 0 0 0 0 0 0 0 0 0 0 0 0 0
0 0 0 0 0 0 0 0 0 0 0 0 0 0 0 0 0 0 0 0 0 0 0 0 0 0 0 0 0 0 0 0 0 0 0 0 0 0 0 0 0 0 0 0 0 0 0 0 0 0
0 0 0 0 0 0 0 0 0 0 0 0 0 0 0 0 0 0 0 0 0 0 0 0 0 0 0 0 0 0 0 0 0 0 0 0 0 0 0 0 0 0 0 0 0 0 0 0 0 0
0 0 0 0 0 0 0 0 0 0 0 0 0 0 0 0 0 0 0 0 0 0 0 0 0 0 0 0 0 0 0 0 0 0 0 0 0 0 0 0 0 0 0 0 0 0 0 0 0 0
0 0 0 0 0 0 0 0 0 0 0 0 0 0 0 0 0 0 0 0 0 0 0 0 0 0 0 0 0 0 0 0 0 0 0 0 0 0 0 0 0 0 0 0 0 0 0 0 0 0
0 
>numMutationCategories:
1
>numSelectionCategories:
1
>categoryProbabilities:
1 
>selectionIsInMixture:
***
0 
>mutationIsInMixture:
***
0 
>obsPhiSets:
0
>currentSynthesisRateLevel:
***
0.662577 0.970313 1.21521 8.2157 0.908871 1.89961 1.0114 0.219281 1.01418 8.62154
0.258562 0.282088 0.378622 9.3305 0.403059 9.61126 1.04055 1.64435 1.10637 0.60707
0.434831 1.00934 1.6564 0.248349 0.619466 0.834349 0.412968 0.144042 5.63077 2.0554
0.253862 0.67351 3.57837 0.370679 6.64996 0.283072 0.928732 0.813226 0.398454 2.08726
0.431698 0.447109 1.9005 0.995796 1.17937 1.29696 4.14016 9.62122 4.82767 0.215772
2.8494 0.560201 0.711406 0.670173 1.34644 1.59624 2.7152 0.338177 5.18397 1.44101
9.26464 1.80981 0.999777 0.116749 6.55668 1.82103 1.5493 4.2956 2.9656 4.43534
3.17283 7.88955 1.39086 4.82965 8.41835 0.323945 1.46338 5.56481 0.910513 0.293543
0.0949556 2.21623 1.71804 0.633312 2.39736 7.80863 8.68323 0.571007 2.3627 10.8716
1.00055 0.422456 0.907844 0.751198 1.37686 0.47984 1.7212 2.00096 0.576857 1.25285
2.31629 0.870283 0.555914 0.858758 1.03785 2.57202 11.1404 0.749275 2.80539 7.41634
5.32052 1.83802 0.210158 1.36113 0.315534 0.154159 0.128295 0.267 0.275192 7.8244
1.26963 1.00467 2.10192 1.13895 1.40451 0.342248 0.345151 0.176305 0.276298 0.657128
2.86137 0.329583 0.274645 0.361277 1.40755 0.284565 0.216671 0.592877 0.250276 5.31728
0.206861 0.174234 0.82923 0.261789 0.43936 0.313529 4.98377 2.91857 1.09233 1.46651
0.191846 0.448078 1.41732 1.07561 9.90534 0.28204 3.18109 0.828065 0.510831 0.308868
2.20942 0.723041 0.805476 2.86504 10.0236 0.885413 0.235276 0.307184 1.77939 0.256733
9.87322 0.150402 2.15103 6.3655 1.72996 0.224974 8.31265 2.57141 1.94776 2.84988
0.875464 0.488207 0.0805135 1.03149 7.83432 0.677008 0.672909 1.25833 3.16598 0.968473
8.24896 0.365003 0.744321 1.57956 6.10848 0.278192 1.05052 4.8204 1.39554 1.35945
0.616338 2.29842 1.18227 2.89411 0.463414 0.627281 1.69335 1.08733 1.2965 1.00458
1.90956 0.124955 8.24446 2.53737 0.360868 1.26 1.45192 0.886986 0.294169 1.60468
1.09828 1.00427 0.262976 0.171355 0.546666 9.31998 0.685459 15.7845 0.207086 0.627379
0.317167 0.30695 1.31999 1.38829 0.237547 0.645954 0.210441 0.642526 0.715994 0.413245
3.65697 2.43662 1.55511 8.18589 3.78043 0.136692 0.909154 2.76335 0.199078 0.552099
0.15838 11.1411 6.80728 0.120894 0.506642 11.3688 0.257064 6.23155 1.99016 0.377579
0.68913 0.268595 0.145386 2.68203 4.70221 2.52825 2.79552 8.84163 0.652749 0.305065
1.37945 0.842863 1.45742 2.01218 0.544466 11.4288 0.215552 1.96676 1.48172 1.61695
2.49388 0.683706 0.238729 0.510021 0.143891 0.267644 0.7496 1.53053 0.143359 0.489147
4.58293 0.850383 11.0797 0.236379 1.24266 0.461963 1.05211 0.828748 8.97598 0.837823
1.46154 1.05147 0.603671 0.183407 0.485731 1.41629 0.27706 0.896717 6.15615 0.348288
1.71206 7.34643 0.288678 0.735353 0.206077 3.50483 2.62083 1.58606 1.0532 0.205656
1.87883 4.77829 0.157646 0.573425 0.553425 1.88306 0.250383 0.502904 2.10329 0.670435
0.267433 2.04656 0.130642 0.609938 0.39264 2.76538 3.42497 3.61609 0.451439 0.723517
1.08595 2.69497 0.198763 0.952764 14.6265 9.36038 0.903102 1.60023 3.38736 0.200581
1.78194 0.2287 0.467649 0.387797 8.5473 1.0889 0.273706 0.950643 0.334961 3.45777
0.735276 1.24504 1.05329 0.923493 0.699497 6.0196 0.99442 1.01507 2.76024 2.02408
0.279028 0.153744 0.493067 0.18084 1.33357 0.249247 0.274494 1.0079 0.27127 0.835319
0.487982 0.35144 4.23674 0.672078 0.79607 1.70683 0.806985 0.390754 0.338328 0.894254
0.235313 0.822239 0.448076 1.74198 0.476443 0.940851 2.74683 0.214367 0.421088 1.37454
9.9739 0.80248 0.906959 1.3737 0.249293 1.28245 0.168741 0.321659 1.40975 0.217891
1.62902 7.76369 2.10567 0.200021 0.18598 0.384478 0.381561 2.70924 8.07389 8.11798
1.92194 0.778072 1.43314 1.7294 2.02529 0.755599 0.187865 1.05498 1.60097 1.32281
0.178297 0.681894 0.314087 2.44538 1.45813 2.06516 4.15137 0.434425 0.257503 0.426409
0.991831 11.1545 1.26439 1.89005 3.62364 7.46856 0.116843 0.291145 0.615464 2.06774
0.130302 0.151314 0.670055 4.66688 1.11906 1.52331 1.0271 1.91123 1.03351 0.248411
0.393924 0.72307 0.158047 0.753446 0.16718 0.234264 1.97341 0.166427 1.34094 0.316504
0.56359 0.508051 0.185026 3.71508 0.108803 0.210515 3.70938 0.479653 1.68513 1.04381
0.433506 2.16857 0.298307 0.341635 3.03008 0.445575 1.26588 7.0168 1.75479 0.35707
1.17453 0.562304 0.281425 0.190218 0.805071 8.77613 4.1835 8.94511 3.14037 2.2566
7.80405 
>noiseOffset:
>observedSynthesisNoise:
>std_NoiseOffset:
>mutation_prior_mean:
***
0 0 0 0 0 0 0 0 0 0
0 0 0 0 0 0 0 0 0 0
0 0 0 0 0 0 0 0 0 0
0 0 0 0 0 0 0 0 0 0
>mutation_prior_sd:
***
0.35 0.35 0.35 0.35 0.35 0.35 0.35 0.35 0.35 0.35
0.35 0.35 0.35 0.35 0.35 0.35 0.35 0.35 0.35 0.35
0.35 0.35 0.35 0.35 0.35 0.35 0.35 0.35 0.35 0.35
0.35 0.35 0.35 0.35 0.35 0.35 0.35 0.35 0.35 0.35
>std_csp:
0.1 0.1 0.1 0.1 0.1 0.1 0.1 0.1 0.1 0.1
0.1 0.1 0.1 0.1 0.1 0.1 0.1 0.1 0.1 0.1
0.1 0.1 0.1 0.1 0.1 0.1 0.1 0.1 0.1 0.1
0.1 0.1 0.1 0.1 0.1 0.1 0.1 0.1 0.1 0.1
>currentMutationParameter:
***
-0.207407 0.441056 0.645644 0.250758 0.722535 -0.661767 0.605098 0.0345033 0.408419 0.715699
0.738052 0.0243036 0.666805 -0.570756 0.450956 1.05956 0.549069 0.409834 -0.196043 0.614633
-0.0635834 0.497277 0.582122 -0.511362 -1.19632 -0.771466 -0.160406 0.476347 0.403494 -0.0784245
0.522261 0.646223 -0.176795 0.540641 0.501026 0.132361 0.717795 0.387088 0.504953 0.368376
>currentSelectionParameter:
***
0.508535 0.0246657 0.443273 0.133431 -0.0984105 -0.438364 -0.274021 1.05672 0.4641 0.577433
-0.311404 0.846721 -0.0788523 0.28025 0.311793 1.38854 0.573998 0.513442 0.322512 -0.272959
-0.303331 0.0224274 0.219638 -0.561986 -0.0917561 0.36387 2.07402 0.762147 0.823422 0.476271
-0.0670134 0.449643 0.512429 -0.0758446 0.518848 0.535434 -0.0258883 0.284567 -0.320013 0.196617
>covarianceMatrix:
A
1.30811e-17	0	0	0	0	0	
0	1.30811e-17	0	0	0	0	
0	0	1.30811e-17	0	0	0	
0	0	0	0.00617466	9.06081e-05	0.000324434	
0	0	0	9.06081e-05	0.00124456	0.000835885	
0	0	0	0.000324434	0.000835885	0.019347	
***
>covarianceMatrix:
C
8.12391e-17	0	
0	0.0106915	
***
>covarianceMatrix:
D
8.12391e-17	0	
0	0.00352335	
***
>covarianceMatrix:
E
8.12391e-17	0	
0	0.0161503	
***
>covarianceMatrix:
F
8.12391e-17	0	
0	0.00441714	
***
>covarianceMatrix:
G
3.75354e-20	0	0	0	0	0	
0	3.75354e-20	0	0	0	0	
0	0	3.75354e-20	0	0	0	
0	0	0	0.043034	0.00116565	0.00203128	
0	0	0	0.00116565	0.014991	0.00118076	
0	0	0	0.00203128	0.00118076	0.0375984	
***
>covarianceMatrix:
H
8.12391e-17	0	
0	0.00710911	
***
>covarianceMatrix:
I
2.57269e-18	0	0	0	
0	2.57269e-18	0	0	
0	0	0.0150713	0.000446353	
0	0	0.000446353	0.00104483	
***
>covarianceMatrix:
K
8.12391e-17	0	
0	0.00292001	
***
>covarianceMatrix:
L
2.66929e-08	0	0	0	0	0	0	0	0	0	
0	2.66929e-08	0	0	0	0	0	0	0	0	
0	0	2.66929e-08	0	0	0	0	0	0	0	
0	0	0	2.66929e-08	0	0	0	0	0	0	
0	0	0	0	2.66929e-08	0	0	0	0	0	
0	0	0	0	0	0.00339313	0.00275463	-0.000340183	0.000177749	-0.000144121	
0	0	0	0	0	0.00275463	0.0363281	0.00311106	0.000765241	0.000834365	
0	0	0	0	0	-0.000340183	0.00311106	0.0129671	0.00109685	-9.40198e-05	
0	0	0	0	0	0.000177749	0.000765241	0.00109685	0.00396834	0.000281326	
0	0	0	0	0	-0.000144121	0.000834365	-9.40198e-05	0.000281326	0.00191037	
***
>covarianceMatrix:
N
8.12391e-17	0	
0	0.00759449	
***
>covarianceMatrix:
P
1.17765e-15	0	0	0	0	0	
0	1.17765e-15	0	0	0	0	
0	0	1.17765e-15	0	0	0	
0	0	0	0.00728781	0.00758027	0.00661218	
0	0	0	0.00758027	0.0406953	-0.000663139	
0	0	0	0.00661218	-0.000663139	0.100758	
***
>covarianceMatrix:
Q
8.12391e-17	0	
0	0.0310234	
***
>covarianceMatrix:
R
1.09779e-12	0	0	0	0	0	0	0	0	0	
0	1.09779e-12	0	0	0	0	0	0	0	0	
0	0	1.09779e-12	0	0	0	0	0	0	0	
0	0	0	1.09779e-12	0	0	0	0	0	0	
0	0	0	0	1.09779e-12	0	0	0	0	0	
0	0	0	0	0	0.00230511	0.00113874	0.00419852	0.00337197	0.00467778	
0	0	0	0	0	0.00113874	0.0107591	0.0041793	0.00524662	-0.00272731	
0	0	0	0	0	0.00419852	0.0041793	0.123535	0.0174804	0.0148348	
0	0	0	0	0	0.00337197	0.00524662	0.0174804	0.0970851	0.0133519	
0	0	0	0	0	0.00467778	-0.00272731	0.0148348	0.0133519	0.0631258	
***
>covarianceMatrix:
S
2.83424e-17	0	0	0	0	0	
0	2.83424e-17	0	0	0	0	
0	0	2.83424e-17	0	0	0	
0	0	0	0.0118215	0.00126753	0.00289698	
0	0	0	0.00126753	0.00135094	0.00169025	
0	0	0	0.00289698	0.00169025	0.0124174	
***
>covarianceMatrix:
T
6.25589e-20	0	0	0	0	0	
0	6.25589e-20	0	0	0	0	
0	0	6.25589e-20	0	0	0	
0	0	0	0.005015	0.000617478	-6.5016e-05	
0	0	0	0.000617478	0.000690146	0.000300311	
0	0	0	-6.5016e-05	0.000300311	0.00955469	
***
>covarianceMatrix:
V
3.71314e-19	0	0	0	0	0	
0	3.71314e-19	0	0	0	0	
0	0	3.71314e-19	0	0	0	
0	0	0	0.0062192	0.000312327	0.00081298	
0	0	0	0.000312327	0.000520169	0.000371787	
0	0	0	0.00081298	0.000371787	0.00309467	
***
>covarianceMatrix:
Y
8.12391e-17	0	
0	0.00471071	
***
>covarianceMatrix:
Z
8.12391e-17	0	
0	0.0692817	
***
