>groupList:
A C D E F G H I K L
N P Q R S T V Y Z 
>stdDevSynthesisRate:
1.238 
>numParam:
40
>numMixtures:
1
>std_stdDevSynthesisRate:
0.1
>std_phi:
***
0.1 0.1 0.1 0.1 0.1 0.1 0.1 0.1 0.1 0.1
0.1 0.1 0.1 0.1 0.1 0.1 0.1 0.1 0.1 0.1
0.1 0.1 0.1 0.1 0.1 0.1 0.1 0.1 0.1 0.1
0.1 0.1 0.1 0.1 0.1 0.1 0.1 0.1 0.1 0.1
0.1 0.1 0.1 0.1 0.1 0.1 0.1 0.1 0.1 0.1
0.1 0.1 0.1 0.1 0.1 0.1 0.1 0.1 0.1 0.1
0.1 0.1 0.1 0.1 0.1 0.1 0.1 0.1 0.1 0.1
0.1 0.1 0.1 0.1 0.1 0.1 0.1 0.1 0.1 0.1
0.1 0.1 0.1 0.1 0.1 0.1 0.1 0.1 0.1 0.1
0.1 0.1 0.1 0.1 0.1 0.1 0.1 0.1 0.1 0.1
0.1 0.1 0.1 0.1 0.1 0.1 0.1 0.1 0.1 0.1
0.1 0.1 0.1 0.1 0.1 0.1 0.1 0.1 0.1 0.1
0.1 0.1 0.1 0.1 0.1 0.1 0.1 0.1 0.1 0.1
0.1 0.1 0.1 0.1 0.1 0.1 0.1 0.1 0.1 0.1
0.1 0.1 0.1 0.1 0.1 0.1 0.1 0.1 0.1 0.1
0.1 0.1 0.1 0.1 0.1 0.1 0.1 0.1 0.1 0.1
0.1 0.1 0.1 0.1 0.1 0.1 0.1 0.1 0.1 0.1
0.1 0.1 0.1 0.1 0.1 0.1 0.1 0.1 0.1 0.1
0.1 0.1 0.1 0.1 0.1 0.1 0.1 0.1 0.1 0.1
0.1 0.1 0.1 0.1 0.1 0.1 0.1 0.1 0.1 0.1
0.1 0.1 0.1 0.1 0.1 0.1 0.1 0.1 0.1 0.1
0.1 0.1 0.1 0.1 0.1 0.1 0.1 0.1 0.1 0.1
0.1 0.1 0.1 0.1 0.1 0.1 0.1 0.1 0.1 0.1
0.1 0.1 0.1 0.1 0.1 0.1 0.1 0.1 0.1 0.1
0.1 0.1 0.1 0.1 0.1 0.1 0.1 0.1 0.1 0.1
0.1 0.1 0.1 0.1 0.1 0.1 0.1 0.1 0.1 0.1
0.1 0.1 0.1 0.1 0.1 0.1 0.1 0.1 0.1 0.1
0.1 0.1 0.1 0.1 0.1 0.1 0.1 0.1 0.1 0.1
0.1 0.1 0.1 0.1 0.1 0.1 0.1 0.1 0.1 0.1
0.1 0.1 0.1 0.1 0.1 0.1 0.1 0.1 0.1 0.1
0.1 0.1 0.1 0.1 0.1 0.1 0.1 0.1 0.1 0.1
0.1 0.1 0.1 0.1 0.1 0.1 0.1 0.1 0.1 0.1
0.1 0.1 0.1 0.1 0.1 0.1 0.1 0.1 0.1 0.1
0.1 0.1 0.1 0.1 0.1 0.1 0.1 0.1 0.1 0.1
0.1 0.1 0.1 0.1 0.1 0.1 0.1 0.1 0.1 0.1
0.1 0.1 0.1 0.1 0.1 0.1 0.1 0.1 0.1 0.1
0.1 0.1 0.1 0.1 0.1 0.1 0.1 0.1 0.1 0.1
0.1 0.1 0.1 0.1 0.1 0.1 0.1 0.1 0.1 0.1
0.1 0.1 0.1 0.1 0.1 0.1 0.1 0.1 0.1 0.1
0.1 0.1 0.1 0.1 0.1 0.1 0.1 0.1 0.1 0.1
0.1 0.1 0.1 0.1 0.1 0.1 0.1 0.1 0.1 0.1
0.1 0.1 0.1 0.1 0.1 0.1 0.1 0.1 0.1 0.1
0.1 0.1 0.1 0.1 0.1 0.1 0.1 0.1 0.1 0.1
0.1 0.1 0.1 0.1 0.1 0.1 0.1 0.1 0.1 0.1
0.1 0.1 0.1 0.1 0.1 0.1 0.1 0.1 0.1 0.1
0.1 0.1 0.1 0.1 0.1 0.1 0.1 0.1 0.1 0.1
0.1 0.1 0.1 0.1 0.1 0.1 0.1 0.1 0.1 0.1
0.1 0.1 0.1 0.1 0.1 0.1 0.1 0.1 0.1 0.1
0.1 0.1 0.1 0.1 0.1 0.1 0.1 0.1 0.1 0.1
0.1 0.1 0.1 0.1 0.1 0.1 0.1 0.1 0.1 0.1
>categories:
0 0
>mixtureAssignment:
0 0 0 0 0 0 0 0 0 0 0 0 0 0 0 0 0 0 0 0 0 0 0 0 0 0 0 0 0 0 0 0 0 0 0 0 0 0 0 0 0 0 0 0 0 0 0 0 0 0
0 0 0 0 0 0 0 0 0 0 0 0 0 0 0 0 0 0 0 0 0 0 0 0 0 0 0 0 0 0 0 0 0 0 0 0 0 0 0 0 0 0 0 0 0 0 0 0 0 0
0 0 0 0 0 0 0 0 0 0 0 0 0 0 0 0 0 0 0 0 0 0 0 0 0 0 0 0 0 0 0 0 0 0 0 0 0 0 0 0 0 0 0 0 0 0 0 0 0 0
0 0 0 0 0 0 0 0 0 0 0 0 0 0 0 0 0 0 0 0 0 0 0 0 0 0 0 0 0 0 0 0 0 0 0 0 0 0 0 0 0 0 0 0 0 0 0 0 0 0
0 0 0 0 0 0 0 0 0 0 0 0 0 0 0 0 0 0 0 0 0 0 0 0 0 0 0 0 0 0 0 0 0 0 0 0 0 0 0 0 0 0 0 0 0 0 0 0 0 0
0 0 0 0 0 0 0 0 0 0 0 0 0 0 0 0 0 0 0 0 0 0 0 0 0 0 0 0 0 0 0 0 0 0 0 0 0 0 0 0 0 0 0 0 0 0 0 0 0 0
0 0 0 0 0 0 0 0 0 0 0 0 0 0 0 0 0 0 0 0 0 0 0 0 0 0 0 0 0 0 0 0 0 0 0 0 0 0 0 0 0 0 0 0 0 0 0 0 0 0
0 0 0 0 0 0 0 0 0 0 0 0 0 0 0 0 0 0 0 0 0 0 0 0 0 0 0 0 0 0 0 0 0 0 0 0 0 0 0 0 0 0 0 0 0 0 0 0 0 0
0 0 0 0 0 0 0 0 0 0 0 0 0 0 0 0 0 0 0 0 0 0 0 0 0 0 0 0 0 0 0 0 0 0 0 0 0 0 0 0 0 0 0 0 0 0 0 0 0 0
0 0 0 0 0 0 0 0 0 0 0 0 0 0 0 0 0 0 0 0 0 0 0 0 0 0 0 0 0 0 0 0 0 0 0 0 0 0 0 0 0 0 0 0 0 0 0 0 0 0
>numMutationCategories:
1
>numSelectionCategories:
1
>categoryProbabilities:
1 
>selectionIsInMixture:
***
0 
>mutationIsInMixture:
***
0 
>obsPhiSets:
0
>currentSynthesisRateLevel:
***
2.0554 2.01218 0.144042 0.0805135 1.71206 4.58293 0.723041 8.62154 0.341635 2.57141
0.886986 0.723517 1.0114 0.633312 0.253862 0.116843 1.46651 6.15615 1.26439 1.28245
2.10567 1.69335 2.7152 0.672078 8.18589 0.370679 2.76335 0.39264 0.461963 0.237547
11.4288 3.50483 0.130642 1.00467 1.26588 0.365003 11.0797 0.991831 0.262976 0.150402
0.835319 4.77829 1.3737 0.279028 1.75479 0.448076 2.04656 0.249247 2.49388 0.47984
0.421088 3.62364 0.560201 0.493067 5.32052 1.08733 0.334961 1.74198 1.64435 3.65697
0.291145 0.217891 1.0271 2.79552 9.3305 0.995796 2.68203 0.906959 1.0889 4.15137
0.842863 4.1835 0.431698 7.46856 3.14037 4.23674 0.434831 1.77939 5.63077 0.806985
0.108803 1.17453 1.31999 1.25833 0.908871 0.18598 0.0949556 0.834349 0.238729 0.342248
0.683706 0.670435 2.69497 0.573425 9.90534 1.7294 2.31629 0.609938 0.130302 0.657128
0.236379 2.06516 4.98377 0.176305 0.82923 0.448078 2.44538 10.8716 1.25285 1.18227
1.05147 2.8494 0.256733 1.29696 0.248349 0.467649 2.86137 0.207086 0.952764 0.627379
1.94776 2.3627 0.828065 0.298307 11.3688 1.07561 1.0532 7.83432 1.61695 2.20942
1.45742 0.422456 0.968473 0.178297 0.80248 4.43534 0.294169 0.479653 5.56481 1.26
1.88306 0.381561 1.40755 1.24266 0.151314 0.544466 1.41732 0.206077 2.76024 1.40451
0.670173 4.2956 6.10848 0.183407 0.216671 0.805071 0.662577 0.885413 2.84988 8.68323
1.37945 0.445575 8.97598 1.44101 0.755599 0.261789 0.562304 1.45192 0.476443 1.09828
1.62902 1.57956 2.57202 0.751198 1.05211 0.205656 1.09233 0.235276 0.571007 8.41835
0.60707 1.13895 0.378622 0.274645 1.34094 1.03149 0.603671 0.250383 0.642526 15.7845
0.670055 0.923493 0.592877 0.699497 1.90956 0.822239 1.97341 9.87322 1.91123 8.24896
1.00934 0.677008 0.711406 1.03785 0.116749 1.82103 1.60023 0.487982 0.275192 1.0079
0.433506 0.837823 0.384478 0.200021 0.576857 0.510831 6.23155 0.249293 0.166427 0.329583
0.510021 8.07389 2.70924 0.850383 1.05329 1.39086 0.314087 1.7212 0.999777 1.34644
8.77613 0.715994 2.76538 0.615464 0.753446 0.735353 0.157646 0.174234 0.488207 0.735276
0.553425 1.52331 0.412968 6.64996 0.463414 1.08595 0.894254 8.2157 0.15838 0.308868
0.508051 1.32281 0.323945 0.136692 1.00427 2.74683 1.41629 1.35945 1.40975 0.858758
0.870283 2.91857 14.6265 2.52825 0.805476 0.224974 0.313529 0.970313 0.214367 1.46154
0.619466 0.2287 3.70938 4.14016 7.80405 5.31728 1.43314 1.46338 0.7496 0.219281
3.16598 9.36038 0.198763 0.451439 0.489147 0.338328 1.24504 0.27706 1.68513 0.896717
1.71804 0.267433 0.56359 0.413245 2.89411 0.72307 0.43936 0.744321 8.24446 0.627281
0.546666 0.506642 0.268595 0.18084 4.70221 0.210158 0.210515 3.38736 0.199078 0.128295
0.284565 9.61126 0.267644 0.215772 0.652749 3.45777 0.426409 1.21521 0.215552 1.01418
0.234264 2.00096 0.387797 0.390754 8.84163 0.940851 1.83802 1.04381 0.315534 6.0196
3.03008 2.62083 7.80863 0.377579 6.3655 0.321659 0.206861 0.27127 0.928732 0.191846
6.80728 0.257503 0.250276 1.39554 0.875464 2.06774 0.685459 2.29842 0.79607 0.305065
8.11798 0.485731 0.28204 7.8244 2.10329 0.393924 0.345151 0.778072 1.58606 1.55511
1.37454 0.143891 1.04055 2.16857 0.283072 9.26464 3.57837 6.55668 2.53737 0.907844
0.502904 1.5493 0.288678 7.76369 2.9656 0.16718 0.281425 0.187865 0.403059 1.01507
2.39736 5.18397 0.168741 7.0168 0.153744 1.60468 0.35707 2.21623 0.273706 0.258562
1.00055 9.31998 0.274494 0.909154 1.03351 4.66688 0.68913 0.950643 0.158047 8.94511
0.672909 1.80981 1.60097 2.15103 0.307184 0.257064 2.86504 1.2965 1.05052 2.80539
1.92194 0.293543 1.36113 0.398454 0.360868 3.42497 7.88955 9.62122 9.9739 1.17937
0.910513 1.99016 0.67351 1.10637 0.813226 0.190218 0.276298 0.200581 11.1411 0.145386
0.645954 1.78194 8.31265 1.45813 3.71508 10.0236 1.96676 0.616338 1.72996 1.05498
0.30695 2.08726 0.248411 0.99442 0.210441 1.6564 1.37686 7.41634 0.267 1.11906
1.38829 0.903102 0.278192 7.34643 0.317167 1.89005 2.02529 0.828748 2.2566 0.316504
2.43662 1.33357 0.154159 4.82767 1.26963 3.78043 0.361277 0.447109 3.18109 0.120894
0.185026 1.9005 0.143359 8.5473 1.00458 4.82965 0.348288 0.171355 1.48172 11.1545
0.282088 0.681894 3.17283 0.35144 0.124955 0.338177 1.70683 0.434425 4.8204 0.749275
11.1404 1.53053 1.59624 0.555914 2.02408 2.10192 1.87883 0.235313 1.89961 0.552099
>noiseOffset:
>observedSynthesisNoise:
>std_NoiseOffset:
>mutation_prior_mean:
***
0 0 0 0 0 0 0 0 0 0
0 0 0 0 0 0 0 0 0 0
0 0 0 0 0 0 0 0 0 0
0 0 0 0 0 0 0 0 0 0
>mutation_prior_sd:
***
0.35 0.35 0.35 0.35 0.35 0.35 0.35 0.35 0.35 0.35
0.35 0.35 0.35 0.35 0.35 0.35 0.35 0.35 0.35 0.35
0.35 0.35 0.35 0.35 0.35 0.35 0.35 0.35 0.35 0.35
0.35 0.35 0.35 0.35 0.35 0.35 0.35 0.35 0.35 0.35
>std_csp:
1.80353e+32 1.80353e+32 1.80353e+32 1.51791e+78 1.51791e+78 1.51791e+78 1.51791e+78 8.82243e+42 8.82243e+42 8.82243e+42
1.51791e+78 1.59116e+76 1.59116e+76 1.51791e+78 3.06701 3.06701 3.06701 3.06701 3.06701 1.51791e+78
4.15483e+09 4.15483e+09 4.15483e+09 1.51791e+78 1.5444e-06 1.5444e-06 1.5444e-06 1.5444e-06 1.5444e-06 3.18093e+35
3.18093e+35 3.18093e+35 4.70483e+36 4.70483e+36 4.70483e+36 6.87155e+41 6.87155e+41 6.87155e+41 1.51791e+78 1.51791e+78
>currentMutationParameter:
***
-0.207407 0.441056 0.645644 0.250758 0.722535 -0.661767 0.605098 0.0345033 0.408419 0.715699
0.738052 0.0243036 0.666805 -0.570756 0.450956 1.05956 0.549069 0.409834 -0.196043 0.614633
-0.0635834 0.497277 0.582122 -0.511362 -1.19632 -0.771466 -0.160406 0.476347 0.403494 -0.0784245
0.522261 0.646223 -0.176795 0.540641 0.501026 0.132361 0.717795 0.387088 0.504953 0.368376
>currentSelectionParameter:
***
0.46476 0.00598817 0.750262 0.514436 -0.0738875 -0.440545 -0.270709 1.26253 0.488799 0.870511
-0.147122 0.77574 -0.144584 0.353926 0.213593 1.49158 0.558581 0.571143 0.165906 -0.302182
-0.206539 0.0121625 2.11002 -0.389028 -0.00570858 0.231754 1.25607 1.15858 1.50644 0.381764
-0.0119008 0.403076 0.829811 0.0144057 0.553772 0.551519 -0.0934455 0.37981 -0.383295 0.14304
>covarianceMatrix:
A
2.39943e-137	0	0	0	0	0	
0	2.39943e-137	0	0	0	0	
0	0	2.39943e-137	0	0	0	
0	0	0	0.0139317	-0.000590947	0.00367626	
0	0	0	-0.000590947	0.00237611	-0.00170524	
0	0	0	0.00367626	-0.00170524	0.0923827	
***
>covarianceMatrix:
C
5.37572e-146	0	
0	0.0540746	
***
>covarianceMatrix:
D
5.37572e-146	0	
0	0.00396816	
***
>covarianceMatrix:
E
5.37572e-146	0	
0	0.0137471	
***
>covarianceMatrix:
F
5.37572e-146	0	
0	0.00386039	
***
>covarianceMatrix:
G
6.19817e-160	0	0	0	0	0	
0	6.19817e-160	0	0	0	0	
0	0	6.19817e-160	0	0	0	
0	0	0	0.0282798	0.00770255	0.00782376	
0	0	0	0.00770255	0.0163884	0.0031812	
0	0	0	0.00782376	0.0031812	0.0293351	
***
>covarianceMatrix:
H
5.37572e-146	0	
0	0.00884706	
***
>covarianceMatrix:
I
5.63513e-148	0	0	0	
0	5.63513e-148	0	0	
0	0	0.0305079	0.00131465	
0	0	0.00131465	0.00172704	
***
>covarianceMatrix:
K
5.37572e-146	0	
0	0.0030857	
***
>covarianceMatrix:
L
5.53958e-50	0	0	0	0	0	0	0	0	0	
0	5.53958e-50	0	0	0	0	0	0	0	0	
0	0	5.53958e-50	0	0	0	0	0	0	0	
0	0	0	5.53958e-50	0	0	0	0	0	0	
0	0	0	0	5.53958e-50	0	0	0	0	0	
0	0	0	0	0	0.00817529	0.00322971	3.63758e-05	0.00145882	0.00141855	
0	0	0	0	0	0.00322971	0.0763445	0.00357003	-0.0011678	-0.00113608	
0	0	0	0	0	3.63758e-05	0.00357003	0.0122701	-3.17863e-05	0.00143366	
0	0	0	0	0	0.00145882	-0.0011678	-3.17863e-05	0.00937239	0.000937289	
0	0	0	0	0	0.00141855	-0.00113608	0.00143366	0.000937289	0.00280952	
***
>covarianceMatrix:
N
5.37572e-146	0	
0	0.00590953	
***
>covarianceMatrix:
P
1.48291e-84	0	0	0	0	0	
0	1.48291e-84	0	0	0	0	
0	0	1.48291e-84	0	0	0	
0	0	0	0.0144681	0.012575	0.0217227	
0	0	0	0.012575	0.0371202	0.0615452	
0	0	0	0.0217227	0.0615452	1.16738	
***
>covarianceMatrix:
Q
5.37572e-146	0	
0	0.0365401	
***
>covarianceMatrix:
R
5.18117e-84	0	0	0	0	0	0	0	0	0	
0	5.18117e-84	0	0	0	0	0	0	0	0	
0	0	5.18117e-84	0	0	0	0	0	0	0	
0	0	0	5.18117e-84	0	0	0	0	0	0	
0	0	0	0	5.18117e-84	0	0	0	0	0	
0	0	0	0	0	0.00289053	0.00271152	0.00472982	0.00396546	0.000234836	
0	0	0	0	0	0.00271152	0.0143395	-0.00543906	0.00591484	0.00744978	
0	0	0	0	0	0.00472982	-0.00543906	0.0955399	-0.0259864	0.0585143	
0	0	0	0	0	0.00396546	0.00591484	-0.0259864	0.0769427	-0.040348	
0	0	0	0	0	0.000234836	0.00744978	0.0585143	-0.040348	0.17061	
***
>covarianceMatrix:
S
1.23141e-145	0	0	0	0	0	
0	1.23141e-145	0	0	0	0	
0	0	1.23141e-145	0	0	0	
0	0	0	0.0156705	0.00205611	0.00320672	
0	0	0	0.00205611	0.00202143	0.000918462	
0	0	0	0.00320672	0.000918462	0.0329497	
***
>covarianceMatrix:
T
1.41628e-145	0	0	0	0	0	
0	1.41628e-145	0	0	0	0	
0	0	1.41628e-145	0	0	0	
0	0	0	0.0166087	0.00158178	0.000973394	
0	0	0	0.00158178	0.00129819	-0.000314308	
0	0	0	0.000973394	-0.000314308	0.0385861	
***
>covarianceMatrix:
V
6.20825e-160	0	0	0	0	0	
0	6.20825e-160	0	0	0	0	
0	0	6.20825e-160	0	0	0	
0	0	0	0.00868275	0.000128741	0.000964383	
0	0	0	0.000128741	0.000591377	0.000206367	
0	0	0	0.000964383	0.000206367	0.00621228	
***
>covarianceMatrix:
Y
5.37572e-146	0	
0	0.00796142	
***
>covarianceMatrix:
Z
5.37572e-146	0	
0	0.190783	
***
