>groupList:
A C D E F G H I K L
N P Q R S T V Y Z 
>stdDevSynthesisRate:
1.238 
>numParam:
40
>numMixtures:
1
>std_stdDevSynthesisRate:
0.1
>std_phi:
***
0.1 0.1 0.1 0.1 0.1 0.1 0.1 0.1 0.1 0.1
0.1 0.1 0.1 0.1 0.1 0.1 0.1 0.1 0.1 0.1
0.1 0.1 0.1 0.1 0.1 0.1 0.1 0.1 0.1 0.1
0.1 0.1 0.1 0.1 0.1 0.1 0.1 0.1 0.1 0.1
0.1 0.1 0.1 0.1 0.1 0.1 0.1 0.1 0.1 0.1
0.1 0.1 0.1 0.1 0.1 0.1 0.1 0.1 0.1 0.1
0.1 0.1 0.1 0.1 0.1 0.1 0.1 0.1 0.1 0.1
0.1 0.1 0.1 0.1 0.1 0.1 0.1 0.1 0.1 0.1
0.1 0.1 0.1 0.1 0.1 0.1 0.1 0.1 0.1 0.1
0.1 0.1 0.1 0.1 0.1 0.1 0.1 0.1 0.1 0.1
0.1 0.1 0.1 0.1 0.1 0.1 0.1 0.1 0.1 0.1
0.1 0.1 0.1 0.1 0.1 0.1 0.1 0.1 0.1 0.1
0.1 0.1 0.1 0.1 0.1 0.1 0.1 0.1 0.1 0.1
0.1 0.1 0.1 0.1 0.1 0.1 0.1 0.1 0.1 0.1
0.1 0.1 0.1 0.1 0.1 0.1 0.1 0.1 0.1 0.1
0.1 0.1 0.1 0.1 0.1 0.1 0.1 0.1 0.1 0.1
0.1 0.1 0.1 0.1 0.1 0.1 0.1 0.1 0.1 0.1
0.1 0.1 0.1 0.1 0.1 0.1 0.1 0.1 0.1 0.1
0.1 0.1 0.1 0.1 0.1 0.1 0.1 0.1 0.1 0.1
0.1 0.1 0.1 0.1 0.1 0.1 0.1 0.1 0.1 0.1
0.1 0.1 0.1 0.1 0.1 0.1 0.1 0.1 0.1 0.1
0.1 0.1 0.1 0.1 0.1 0.1 0.1 0.1 0.1 0.1
0.1 0.1 0.1 0.1 0.1 0.1 0.1 0.1 0.1 0.1
0.1 0.1 0.1 0.1 0.1 0.1 0.1 0.1 0.1 0.1
0.1 0.1 0.1 0.1 0.1 0.1 0.1 0.1 0.1 0.1
0.1 0.1 0.1 0.1 
>categories:
0 0
>mixtureAssignment:
0 0 0 0 0 0 0 0 0 0 0 0 0 0 0 0 0 0 0 0 0 0 0 0 0 0 0 0 0 0 0 0 0 0 0 0 0 0 0 0 0 0 0 0 0 0 0 0 0 0
0 0 0 0 0 0 0 0 0 0 0 0 0 0 0 0 0 0 0 0 0 0 0 0 0 0 0 0 0 0 0 0 0 0 0 0 0 0 0 0 0 0 0 0 0 0 0 0 0 0
0 0 0 0 0 0 0 0 0 0 0 0 0 0 0 0 0 0 0 0 0 0 0 0 0 0 0 0 0 0 0 0 0 0 0 0 0 0 0 0 0 0 0 0 0 0 0 0 0 0
0 0 0 0 0 0 0 0 0 0 0 0 0 0 0 0 0 0 0 0 0 0 0 0 0 0 0 0 0 0 0 0 0 0 0 0 0 0 0 0 0 0 0 0 0 0 0 0 0 0
0 0 0 0 0 0 0 0 0 0 0 0 0 0 0 0 0 0 0 0 0 0 0 0 0 0 0 0 0 0 0 0 0 0 0 0 0 0 0 0 0 0 0 0 0 0 0 0 0 0
0 0 0 0 
>numMutationCategories:
1
>numSelectionCategories:
1
>categoryProbabilities:
1 
>selectionIsInMixture:
***
0 
>mutationIsInMixture:
***
0 
>obsPhiSets:
0
>currentSynthesisRateLevel:
***
0.0805135 0.341635 1.0114 6.15615 1.26439 1.28245 2.10567 1.69335 0.672078 8.18589
0.370679 2.76335 0.39264 11.4288 3.50483 0.365003 0.835319 1.3737 0.249247 2.49388
1.08733 0.334961 0.291145 1.0271 2.68203 0.906959 1.0889 0.842863 4.1835 0.431698
7.46856 4.23674 0.434831 1.77939 1.17453 1.31999 0.0949556 0.834349 0.342248 0.683706
0.670435 0.573425 9.90534 1.7294 2.31629 0.609938 0.130302 0.657128 0.82923 0.448078
10.8716 1.25285 1.05147 2.8494 0.256733 2.86137 0.207086 1.94776 0.828065 0.298307
2.20942 1.45742 0.422456 0.968473 0.178297 0.80248 0.294169 0.479653 1.88306 0.381561
1.24266 0.151314 1.41732 0.206077 2.76024 6.10848 0.183407 0.216671 0.805071 0.662577
0.885413 0.445575 0.261789 0.476443 1.09828 0.751198 1.09233 0.571007 0.378622 0.274645
1.34094 0.603671 15.7845 0.670055 0.923493 0.699497 1.90956 9.87322 1.00934 0.677008
0.711406 1.03785 0.116749 1.82103 0.275192 1.0079 0.433506 0.837823 0.384478 0.510831
0.166427 0.510021 8.07389 2.70924 0.850383 1.39086 1.7212 1.34644 0.615464 0.753446
0.735353 0.157646 0.412968 1.08595 0.308868 0.323945 0.136692 1.00427 1.35945 0.858758
14.6265 2.52825 0.970313 0.214367 0.619466 3.70938 4.14016 7.80405 1.43314 0.7496
0.219281 3.16598 1.24504 0.267433 0.56359 0.413245 2.89411 0.72307 0.43936 0.546666
0.506642 4.70221 0.210158 0.210515 3.38736 0.199078 9.61126 0.267644 0.652749 3.45777
0.426409 0.215552 1.01418 8.84163 1.83802 1.04381 0.315534 6.0196 2.62083 7.80863
0.206861 0.191846 6.80728 1.39554 0.875464 2.06774 8.11798 0.28204 2.10329 0.778072
1.55511 0.143891 1.04055 2.16857 0.283072 9.26464 3.57837 0.502904 1.5493 0.288678
7.76369 2.9656 0.281425 0.187865 2.39736 0.35707 2.21623 0.273706 0.258562 0.274494
0.909154 4.66688 0.158047 0.672909 1.60097 0.307184 0.257064 2.86504 2.80539 1.92194
0.293543 3.42497 9.9739 1.99016 0.67351 1.10637 0.190218 11.1411 0.645954 10.0236
1.72996 0.30695 0.248411 1.6564 1.37686 7.41634 0.267 1.11906 7.34643 0.828748
0.316504 2.43662 0.154159 1.26963 3.78043 0.361277 3.18109 1.9005 0.143359 8.5473
4.82965 1.48172 3.17283 0.338177 1.70683 0.434425 4.8204 11.1404 1.59624 2.02408
1.87883 0.235313 1.89961 0.552099 
>noiseOffset:
>observedSynthesisNoise:
>std_NoiseOffset:
>mutation_prior_mean:
***
0 0 0 0 0 0 0 0 0 0
0 0 0 0 0 0 0 0 0 0
0 0 0 0 0 0 0 0 0 0
0 0 0 0 0 0 0 0 0 0
>mutation_prior_sd:
***
0.35 0.35 0.35 0.35 0.35 0.35 0.35 0.35 0.35 0.35
0.35 0.35 0.35 0.35 0.35 0.35 0.35 0.35 0.35 0.35
0.35 0.35 0.35 0.35 0.35 0.35 0.35 0.35 0.35 0.35
0.35 0.35 0.35 0.35 0.35 0.35 0.35 0.35 0.35 0.35
>std_csp:
2.64587e+08 2.64587e+08 2.64587e+08 6.24182e+18 6.24182e+18 6.24182e+18 6.24182e+18 5.87015e+09 5.87015e+09 5.87015e+09
6.24182e+18 2.09037e+18 2.09037e+18 6.24182e+18 0.286654 0.286654 0.286654 0.286654 0.286654 6.24182e+18
24228.4 24228.4 24228.4 6.24182e+18 0.072139 0.072139 0.072139 0.072139 0.072139 7.90052e+08
7.90052e+08 7.90052e+08 5.48647e+08 5.48647e+08 5.48647e+08 4.89179e+09 4.89179e+09 4.89179e+09 6.24182e+18 6.24182e+18
>currentMutationParameter:
***
-0.207407 0.441056 0.645644 0.250758 0.722535 -0.661767 0.605098 0.0345033 0.408419 0.715699
0.738052 0.0243036 0.666805 -0.570756 0.450956 1.05956 0.549069 0.409834 -0.196043 0.614633
-0.0635834 0.497277 0.582122 -0.511362 -1.19632 -0.771466 -0.160406 0.476347 0.403494 -0.0784245
0.522261 0.646223 -0.176795 0.540641 0.501026 0.132361 0.717795 0.387088 0.504953 0.368376
>currentSelectionParameter:
***
0.323513 0.11041 0.89127 0.0918155 -0.0833854 -0.498521 -0.413142 1.16472 0.394938 0.807971
-0.260076 0.834225 -0.0793931 0.266705 0.420363 0.766673 0.765491 0.528513 0.455866 -0.34546
-0.237958 0.0591428 0.568205 -0.574364 -0.1133 0.779308 1.6718 0.369286 2.44268 0.603131
-0.0350098 0.17643 0.482389 -0.0949381 0.601303 0.631642 -0.0788406 0.288019 -0.231772 0.04824
>covarianceMatrix:
A
1.70715e-40	0	0	0	0	0	
0	1.70715e-40	0	0	0	0	
0	0	1.70715e-40	0	0	0	
0	0	0	0.0104445	0.000802677	0.00667482	
0	0	0	0.000802677	0.00368156	0.00353331	
0	0	0	0.00667482	0.00353331	0.0590917	
***
>covarianceMatrix:
C
5.38349e-39	0	
0	0.00880389	
***
>covarianceMatrix:
D
5.38349e-39	0	
0	0.00377211	
***
>covarianceMatrix:
E
5.38349e-39	0	
0	0.0134634	
***
>covarianceMatrix:
F
5.38349e-39	0	
0	0.00484859	
***
>covarianceMatrix:
G
2.96804e-42	0	0	0	0	0	
0	2.96804e-42	0	0	0	0	
0	0	2.96804e-42	0	0	0	
0	0	0	0.0373625	0.00365274	0.000729644	
0	0	0	0.00365274	0.0102024	0.000220857	
0	0	0	0.000729644	0.000220857	0.0300558	
***
>covarianceMatrix:
H
5.38349e-39	0	
0	0.00454382	
***
>covarianceMatrix:
I
3.00487e-39	0	0	0	
0	3.00487e-39	0	0	
0	0	0.0212929	0.00068903	
0	0	0.00068903	0.00155455	
***
>covarianceMatrix:
K
5.38349e-39	0	
0	0.00219369	
***
>covarianceMatrix:
L
3.50246e-16	0	0	0	0	0	0	0	0	0	
0	3.50246e-16	0	0	0	0	0	0	0	0	
0	0	3.50246e-16	0	0	0	0	0	0	0	
0	0	0	3.50246e-16	0	0	0	0	0	0	
0	0	0	0	3.50246e-16	0	0	0	0	0	
0	0	0	0	0	0.00547786	-0.00138296	0.000690973	0.000136564	0.000228852	
0	0	0	0	0	-0.00138296	0.052307	0.000127177	-0.00454977	9.70472e-05	
0	0	0	0	0	0.000690973	0.000127177	0.0128965	-0.00105857	0.00062623	
0	0	0	0	0	0.000136564	-0.00454977	-0.00105857	0.00815661	-1.0765e-05	
0	0	0	0	0	0.000228852	9.70472e-05	0.00062623	-1.0765e-05	0.00158344	
***
>covarianceMatrix:
N
5.38349e-39	0	
0	0.00598311	
***
>covarianceMatrix:
P
1.90433e-29	0	0	0	0	0	
0	1.90433e-29	0	0	0	0	
0	0	1.90433e-29	0	0	0	
0	0	0	0.00613723	0.00621649	-0.00250651	
0	0	0	0.00621649	0.0271276	-0.00816115	
0	0	0	-0.00250651	-0.00816115	0.149453	
***
>covarianceMatrix:
Q
5.38349e-39	0	
0	0.0229192	
***
>covarianceMatrix:
R
4.17652e-22	0	0	0	0	0	0	0	0	0	
0	4.17652e-22	0	0	0	0	0	0	0	0	
0	0	4.17652e-22	0	0	0	0	0	0	0	
0	0	0	4.17652e-22	0	0	0	0	0	0	
0	0	0	0	4.17652e-22	0	0	0	0	0	
0	0	0	0	0	0.00456398	0.00407404	0.00262485	0.00328265	-0.00109637	
0	0	0	0	0	0.00407404	0.0195821	-0.0101239	0.0043859	0.0118843	
0	0	0	0	0	0.00262485	-0.0101239	0.283991	0.0466972	0.0663195	
0	0	0	0	0	0.00328265	0.0043859	0.0466972	0.0393962	0.0182382	
0	0	0	0	0	-0.00109637	0.0118843	0.0663195	0.0182382	0.340034	
***
>covarianceMatrix:
S
6.55544e-39	0	0	0	0	0	
0	6.55544e-39	0	0	0	0	
0	0	6.55544e-39	0	0	0	
0	0	0	0.0160232	0.000318377	0.00539549	
0	0	0	0.000318377	0.00196794	8.46644e-05	
0	0	0	0.00539549	8.46644e-05	0.022602	
***
>covarianceMatrix:
T
4.58776e-41	0	0	0	0	0	
0	4.58776e-41	0	0	0	0	
0	0	4.58776e-41	0	0	0	
0	0	0	0.00923991	0.000214322	0.00126469	
0	0	0	0.000214322	0.00146407	-0.000768037	
0	0	0	0.00126469	-0.000768037	0.0279371	
***
>covarianceMatrix:
V
1.90846e-41	0	0	0	0	0	
0	1.90846e-41	0	0	0	0	
0	0	1.90846e-41	0	0	0	
0	0	0	0.0149608	0.000783422	-0.000270442	
0	0	0	0.000783422	0.000638103	0.000272154	
0	0	0	-0.000270442	0.000272154	0.00611783	
***
>covarianceMatrix:
Y
5.38349e-39	0	
0	0.00864614	
***
>covarianceMatrix:
Z
5.38349e-39	0	
0	0.0811775	
***
