>groupList:
A C D E F G H I K L
N P Q R S T V Y Z 
>stdDevSynthesisRate:
1.238 
>numParam:
40
>numMixtures:
1
>std_stdDevSynthesisRate:
0.1
>std_phi:
***
0.1 0.1 0.1 0.1 0.1 0.1 0.1 0.1 0.1 0.1
0.1 0.1 0.1 0.1 0.1 0.1 0.1 0.1 0.1 0.1
0.1 0.1 0.1 0.1 0.1 0.1 0.1 0.1 0.1 0.1
0.1 0.1 0.1 0.1 0.1 0.1 0.1 0.1 0.1 0.1
0.1 0.1 0.1 0.1 0.1 0.1 0.1 0.1 0.1 0.1
0.1 0.1 0.1 0.1 0.1 0.1 0.1 0.1 0.1 0.1
0.1 0.1 0.1 0.1 0.1 0.1 0.1 0.1 0.1 0.1
0.1 0.1 0.1 0.1 0.1 0.1 0.1 0.1 0.1 0.1
0.1 0.1 0.1 0.1 0.1 0.1 0.1 0.1 0.1 0.1
0.1 0.1 0.1 0.1 0.1 0.1 0.1 0.1 0.1 0.1
0.1 0.1 0.1 0.1 0.1 0.1 0.1 0.1 0.1 0.1
0.1 0.1 0.1 0.1 0.1 0.1 0.1 0.1 0.1 0.1
0.1 0.1 0.1 0.1 0.1 0.1 0.1 0.1 0.1 0.1
0.1 0.1 0.1 0.1 0.1 0.1 0.1 0.1 0.1 0.1
0.1 0.1 0.1 0.1 0.1 0.1 0.1 0.1 0.1 0.1
0.1 0.1 0.1 0.1 0.1 0.1 0.1 0.1 0.1 0.1
0.1 0.1 0.1 0.1 0.1 0.1 0.1 0.1 0.1 0.1
0.1 0.1 0.1 0.1 0.1 0.1 0.1 0.1 0.1 0.1
0.1 0.1 0.1 0.1 0.1 0.1 0.1 0.1 0.1 0.1
0.1 0.1 0.1 0.1 0.1 0.1 0.1 0.1 0.1 0.1
0.1 0.1 0.1 0.1 0.1 0.1 0.1 0.1 0.1 0.1
0.1 0.1 0.1 0.1 0.1 0.1 0.1 0.1 0.1 0.1
0.1 0.1 0.1 0.1 0.1 0.1 0.1 0.1 0.1 0.1
0.1 0.1 0.1 0.1 0.1 0.1 0.1 0.1 0.1 0.1
0.1 0.1 0.1 0.1 0.1 0.1 0.1 0.1 0.1 0.1
0.1 0.1 0.1 0.1 
>categories:
0 0
>mixtureAssignment:
0 0 0 0 0 0 0 0 0 0 0 0 0 0 0 0 0 0 0 0 0 0 0 0 0 0 0 0 0 0 0 0 0 0 0 0 0 0 0 0 0 0 0 0 0 0 0 0 0 0
0 0 0 0 0 0 0 0 0 0 0 0 0 0 0 0 0 0 0 0 0 0 0 0 0 0 0 0 0 0 0 0 0 0 0 0 0 0 0 0 0 0 0 0 0 0 0 0 0 0
0 0 0 0 0 0 0 0 0 0 0 0 0 0 0 0 0 0 0 0 0 0 0 0 0 0 0 0 0 0 0 0 0 0 0 0 0 0 0 0 0 0 0 0 0 0 0 0 0 0
0 0 0 0 0 0 0 0 0 0 0 0 0 0 0 0 0 0 0 0 0 0 0 0 0 0 0 0 0 0 0 0 0 0 0 0 0 0 0 0 0 0 0 0 0 0 0 0 0 0
0 0 0 0 0 0 0 0 0 0 0 0 0 0 0 0 0 0 0 0 0 0 0 0 0 0 0 0 0 0 0 0 0 0 0 0 0 0 0 0 0 0 0 0 0 0 0 0 0 0
0 0 0 0 
>numMutationCategories:
1
>numSelectionCategories:
1
>categoryProbabilities:
1 
>selectionIsInMixture:
***
0 
>mutationIsInMixture:
***
0 
>obsPhiSets:
0
>currentSynthesisRateLevel:
***
0.0805135 0.341635 1.0114 6.15615 1.26439 1.28245 2.10567 1.69335 0.672078 8.18589
0.370679 2.76335 0.39264 11.4288 3.50483 0.365003 0.835319 1.3737 0.249247 2.49388
1.08733 0.334961 0.291145 1.0271 2.68203 0.906959 1.0889 0.842863 4.1835 0.431698
7.46856 4.23674 0.434831 1.77939 1.17453 1.31999 0.0949556 0.834349 0.342248 0.683706
0.670435 0.573425 9.90534 1.7294 2.31629 0.609938 0.130302 0.657128 0.82923 0.448078
10.8716 1.25285 1.05147 2.8494 0.256733 2.86137 0.207086 1.94776 0.828065 0.298307
2.20942 1.45742 0.422456 0.968473 0.178297 0.80248 0.294169 0.479653 1.88306 0.381561
1.24266 0.151314 1.41732 0.206077 2.76024 6.10848 0.183407 0.216671 0.805071 0.662577
0.885413 0.445575 0.261789 0.476443 1.09828 0.751198 1.09233 0.571007 0.378622 0.274645
1.34094 0.603671 15.7845 0.670055 0.923493 0.699497 1.90956 9.87322 1.00934 0.677008
0.711406 1.03785 0.116749 1.82103 0.275192 1.0079 0.433506 0.837823 0.384478 0.510831
0.166427 0.510021 8.07389 2.70924 0.850383 1.39086 1.7212 1.34644 0.615464 0.753446
0.735353 0.157646 0.412968 1.08595 0.308868 0.323945 0.136692 1.00427 1.35945 0.858758
14.6265 2.52825 0.970313 0.214367 0.619466 3.70938 4.14016 7.80405 1.43314 0.7496
0.219281 3.16598 1.24504 0.267433 0.56359 0.413245 2.89411 0.72307 0.43936 0.546666
0.506642 4.70221 0.210158 0.210515 3.38736 0.199078 9.61126 0.267644 0.652749 3.45777
0.426409 0.215552 1.01418 8.84163 1.83802 1.04381 0.315534 6.0196 2.62083 7.80863
0.206861 0.191846 6.80728 1.39554 0.875464 2.06774 8.11798 0.28204 2.10329 0.778072
1.55511 0.143891 1.04055 2.16857 0.283072 9.26464 3.57837 0.502904 1.5493 0.288678
7.76369 2.9656 0.281425 0.187865 2.39736 0.35707 2.21623 0.273706 0.258562 0.274494
0.909154 4.66688 0.158047 0.672909 1.60097 0.307184 0.257064 2.86504 2.80539 1.92194
0.293543 3.42497 9.9739 1.99016 0.67351 1.10637 0.190218 11.1411 0.645954 10.0236
1.72996 0.30695 0.248411 1.6564 1.37686 7.41634 0.267 1.11906 7.34643 0.828748
0.316504 2.43662 0.154159 1.26963 3.78043 0.361277 3.18109 1.9005 0.143359 8.5473
4.82965 1.48172 3.17283 0.338177 1.70683 0.434425 4.8204 11.1404 1.59624 2.02408
1.87883 0.235313 1.89961 0.552099 
>noiseOffset:
>observedSynthesisNoise:
>std_NoiseOffset:
>mutation_prior_mean:
***
0 0 0 0 0 0 0 0 0 0
0 0 0 0 0 0 0 0 0 0
0 0 0 0 0 0 0 0 0 0
0 0 0 0 0 0 0 0 0 0
>mutation_prior_sd:
***
0.35 0.35 0.35 0.35 0.35 0.35 0.35 0.35 0.35 0.35
0.35 0.35 0.35 0.35 0.35 0.35 0.35 0.35 0.35 0.35
0.35 0.35 0.35 0.35 0.35 0.35 0.35 0.35 0.35 0.35
0.35 0.35 0.35 0.35 0.35 0.35 0.35 0.35 0.35 0.35
>std_csp:
0.743008 0.743008 0.743008 2.66233 2.66233 2.66233 2.66233 0.89161 0.89161 0.89161
2.66233 2.66233 2.66233 2.66233 0.1728 0.1728 0.1728 0.1728 0.1728 2.66233
0.429982 0.429982 0.429982 2.66233 0.13824 0.13824 0.13824 0.13824 0.13824 0.515978
0.515978 0.515978 0.358318 0.358318 0.358318 0.429982 0.429982 0.429982 2.66233 2.66233
>currentMutationParameter:
***
-0.207407 0.441056 0.645644 0.250758 0.722535 -0.661767 0.605098 0.0345033 0.408419 0.715699
0.738052 0.0243036 0.666805 -0.570756 0.450956 1.05956 0.549069 0.409834 -0.196043 0.614633
-0.0635834 0.497277 0.582122 -0.511362 -1.19632 -0.771466 -0.160406 0.476347 0.403494 -0.0784245
0.522261 0.646223 -0.176795 0.540641 0.501026 0.132361 0.717795 0.387088 0.504953 0.368376
>currentSelectionParameter:
***
0.460006 0.0513953 0.750491 0.0609309 -0.161563 -0.471098 -0.325883 0.890586 0.435574 0.96176
-0.280287 0.820871 -0.0219304 0.317759 0.354018 0.883257 0.613294 0.461767 0.19233 -0.259752
-0.236017 0.373881 1.15289 -0.57052 -0.192995 0.439473 1.77095 0.283822 1.73905 0.505958
-0.146503 0.449279 0.399105 -0.120602 0.52752 0.587124 -0.0574328 0.348706 -0.324588 0.271426
>covarianceMatrix:
A
5.24027e-06	0	0	0	0	0	
0	5.24027e-06	0	0	0	0	
0	0	5.24027e-06	0	0	0	
0	0	0	0.0105832	0.000905787	0.000145077	
0	0	0	0.000905787	0.0027856	-0.00121312	
0	0	0	0.000145077	-0.00121312	0.0511666	
***
>covarianceMatrix:
C
6.75966e-06	0	
0	0.00927459	
***
>covarianceMatrix:
D
6.75966e-06	0	
0	0.00274554	
***
>covarianceMatrix:
E
6.75966e-06	0	
0	0.0143745	
***
>covarianceMatrix:
F
6.75966e-06	0	
0	0.00458918	
***
>covarianceMatrix:
G
6.28832e-06	0	0	0	0	0	
0	6.28832e-06	0	0	0	0	
0	0	6.28832e-06	0	0	0	
0	0	0	0.0277441	0.00256352	0.0023441	
0	0	0	0.00256352	0.00681621	0.000639685	
0	0	0	0.0023441	0.000639685	0.0293947	
***
>covarianceMatrix:
H
6.75966e-06	0	
0	0.00525366	
***
>covarianceMatrix:
I
6.75966e-06	0	0	0	
0	6.75966e-06	0	0	
0	0	0.0218062	0.000369891	
0	0	0.000369891	0.00149388	
***
>covarianceMatrix:
K
6.75966e-06	0	
0	0.00227772	
***
>covarianceMatrix:
L
0.000120932	0	0	0	0	0	0	0	0	0	
0	0.000120932	0	0	0	0	0	0	0	0	
0	0	0.000120932	0	0	0	0	0	0	0	
0	0	0	0.000120932	0	0	0	0	0	0	
0	0	0	0	0.000120932	0	0	0	0	0	
0	0	0	0	0	0.00318144	0.00309841	0.000217539	0.000936922	0.000525034	
0	0	0	0	0	0.00309841	0.0397176	-0.00278548	0.00716531	0.000500564	
0	0	0	0	0	0.000217539	-0.00278548	0.0167719	-0.0035247	0.000515718	
0	0	0	0	0	0.000936922	0.00716531	-0.0035247	0.0137562	0.000256484	
0	0	0	0	0	0.000525034	0.000500564	0.000515718	0.000256484	0.00139131	
***
>covarianceMatrix:
N
6.75966e-06	0	
0	0.00841079	
***
>covarianceMatrix:
P
2.33994e-05	0	0	0	0	0	
0	2.33994e-05	0	0	0	0	
0	0	2.33994e-05	0	0	0	
0	0	0	0.00609614	0.00585549	0.0068541	
0	0	0	0.00585549	0.0298181	0.0132504	
0	0	0	0.0068541	0.0132504	0.146648	
***
>covarianceMatrix:
Q
6.75966e-06	0	
0	0.0163116	
***
>covarianceMatrix:
R
2.08971e-05	0	0	0	0	0	0	0	0	0	
0	2.08971e-05	0	0	0	0	0	0	0	0	
0	0	2.08971e-05	0	0	0	0	0	0	0	
0	0	0	2.08971e-05	0	0	0	0	0	0	
0	0	0	0	2.08971e-05	0	0	0	0	0	
0	0	0	0	0	0.00514776	0.00471243	0.00427791	0.0054432	-0.00572383	
0	0	0	0	0	0.00471243	0.0234768	0.0147767	0.00667543	-0.0113626	
0	0	0	0	0	0.00427791	0.0147767	0.156792	-0.0141931	-0.0340643	
0	0	0	0	0	0.0054432	0.00667543	-0.0141931	0.0301106	-0.0139842	
0	0	0	0	0	-0.00572383	-0.0113626	-0.0340643	-0.0139842	0.122357	
***
>covarianceMatrix:
S
3.63908e-06	0	0	0	0	0	
0	3.63908e-06	0	0	0	0	
0	0	3.63908e-06	0	0	0	
0	0	0	0.0188313	0.00117885	0.00347728	
0	0	0	0.00117885	0.00172991	0.00102879	
0	0	0	0.00347728	0.00102879	0.0238685	
***
>covarianceMatrix:
T
9.02755e-05	0	0	0	0	0	
0	9.02755e-05	0	0	0	0	
0	0	9.02755e-05	0	0	0	
0	0	0	0.00861354	7.65671e-05	0.00311874	
0	0	0	7.65671e-05	0.00109211	8.74046e-05	
0	0	0	0.00311874	8.74046e-05	0.0290986	
***
>covarianceMatrix:
V
3.03256e-06	0	0	0	0	0	
0	3.03256e-06	0	0	0	0	
0	0	3.03256e-06	0	0	0	
0	0	0	0.013427	0.000308107	0.00177726	
0	0	0	0.000308107	0.000686757	0.000234266	
0	0	0	0.00177726	0.000234266	0.00538639	
***
>covarianceMatrix:
Y
6.75966e-06	0	
0	0.00534772	
***
>covarianceMatrix:
Z
6.75966e-06	0	
0	0.0952077	
***
