>groupList:
A C D E F G H I K L
N P Q R S T V Y Z 
>stdDevSynthesisRate:
0.01 
>numParam:
40
>numMixtures:
1
>std_stdDevSynthesisRate:
0.1
>std_phi:
***
0.1 0.1 0.1 0.1 0.1 0.1 0.1 0.1 0.1 0.1
0.1 0.1 0.1 0.1 0.1 0.1 0.1 0.1 0.1 0.1
0.1 0.1 0.1 0.1 0.1 0.1 0.1 0.1 0.1 0.1
0.1 0.1 0.1 0.1 0.1 0.1 0.1 0.1 0.1 0.1
0.1 0.1 0.1 0.1 0.1 0.1 0.1 0.1 0.1 0.1
0.1 0.1 0.1 0.1 0.1 0.1 0.1 0.1 0.1 0.1
0.1 0.1 0.1 0.1 0.1 0.1 0.1 0.1 0.1 0.1
0.1 0.1 0.1 0.1 0.1 0.1 0.1 0.1 0.1 0.1
0.1 0.1 0.1 0.1 0.1 0.1 0.1 0.1 0.1 0.1
0.1 0.1 0.1 0.1 0.1 0.1 0.1 0.1 0.1 0.1
0.1 0.1 0.1 0.1 0.1 0.1 0.1 0.1 0.1 0.1
0.1 0.1 0.1 0.1 0.1 0.1 0.1 0.1 0.1 0.1
0.1 0.1 0.1 0.1 0.1 0.1 0.1 0.1 0.1 0.1
0.1 0.1 0.1 0.1 0.1 0.1 0.1 0.1 0.1 0.1
0.1 0.1 0.1 0.1 0.1 0.1 0.1 0.1 0.1 0.1
0.1 0.1 0.1 0.1 0.1 0.1 0.1 0.1 0.1 0.1
0.1 0.1 0.1 0.1 0.1 0.1 0.1 0.1 0.1 0.1
0.1 0.1 0.1 0.1 0.1 0.1 0.1 0.1 0.1 0.1
0.1 0.1 0.1 0.1 0.1 0.1 0.1 0.1 0.1 0.1
0.1 0.1 0.1 0.1 0.1 0.1 0.1 0.1 0.1 0.1
0.1 0.1 0.1 0.1 0.1 0.1 0.1 0.1 0.1 0.1
0.1 0.1 0.1 0.1 0.1 0.1 0.1 0.1 0.1 0.1
0.1 0.1 0.1 0.1 0.1 0.1 0.1 0.1 0.1 0.1
0.1 0.1 0.1 0.1 0.1 0.1 0.1 0.1 0.1 0.1
0.1 0.1 0.1 0.1 0.1 0.1 0.1 0.1 0.1 0.1
0.1 0.1 0.1 0.1 0.1 0.1 0.1 0.1 0.1 0.1
0.1 0.1 0.1 0.1 0.1 0.1 0.1 0.1 0.1 0.1
0.1 0.1 0.1 0.1 0.1 0.1 0.1 0.1 0.1 0.1
0.1 0.1 0.1 0.1 0.1 0.1 0.1 0.1 0.1 0.1
0.1 0.1 0.1 0.1 0.1 0.1 0.1 0.1 0.1 0.1
0.1 0.1 0.1 0.1 0.1 0.1 0.1 0.1 0.1 0.1
0.1 0.1 0.1 0.1 0.1 0.1 0.1 0.1 0.1 0.1
0.1 0.1 0.1 0.1 0.1 0.1 0.1 0.1 0.1 0.1
0.1 0.1 0.1 0.1 0.1 0.1 0.1 0.1 0.1 0.1
0.1 0.1 0.1 0.1 0.1 0.1 0.1 0.1 0.1 0.1
0.1 0.1 0.1 0.1 0.1 0.1 0.1 0.1 0.1 0.1
0.1 0.1 0.1 0.1 0.1 0.1 0.1 0.1 0.1 0.1
0.1 0.1 0.1 0.1 0.1 0.1 0.1 0.1 0.1 0.1
0.1 0.1 0.1 0.1 0.1 0.1 0.1 0.1 0.1 0.1
0.1 0.1 0.1 0.1 0.1 0.1 0.1 0.1 0.1 0.1
0.1 0.1 0.1 0.1 0.1 0.1 0.1 0.1 0.1 0.1
0.1 0.1 0.1 0.1 0.1 0.1 0.1 0.1 0.1 0.1
0.1 0.1 0.1 0.1 0.1 0.1 0.1 0.1 0.1 0.1
0.1 0.1 0.1 0.1 0.1 0.1 0.1 0.1 0.1 0.1
0.1 0.1 0.1 0.1 0.1 0.1 0.1 0.1 0.1 0.1
0.1 0.1 0.1 0.1 0.1 0.1 0.1 0.1 0.1 0.1
0.1 0.1 0.1 0.1 0.1 0.1 0.1 0.1 0.1 0.1
0.1 0.1 0.1 0.1 0.1 0.1 0.1 0.1 0.1 0.1
0.1 0.1 0.1 0.1 0.1 0.1 0.1 
>categories:
0 0
>mixtureAssignment:
0 0 0 0 0 0 0 0 0 0 0 0 0 0 0 0 0 0 0 0 0 0 0 0 0 0 0 0 0 0 0 0 0 0 0 0 0 0 0 0 0 0 0 0 0 0 0 0 0 0
0 0 0 0 0 0 0 0 0 0 0 0 0 0 0 0 0 0 0 0 0 0 0 0 0 0 0 0 0 0 0 0 0 0 0 0 0 0 0 0 0 0 0 0 0 0 0 0 0 0
0 0 0 0 0 0 0 0 0 0 0 0 0 0 0 0 0 0 0 0 0 0 0 0 0 0 0 0 0 0 0 0 0 0 0 0 0 0 0 0 0 0 0 0 0 0 0 0 0 0
0 0 0 0 0 0 0 0 0 0 0 0 0 0 0 0 0 0 0 0 0 0 0 0 0 0 0 0 0 0 0 0 0 0 0 0 0 0 0 0 0 0 0 0 0 0 0 0 0 0
0 0 0 0 0 0 0 0 0 0 0 0 0 0 0 0 0 0 0 0 0 0 0 0 0 0 0 0 0 0 0 0 0 0 0 0 0 0 0 0 0 0 0 0 0 0 0 0 0 0
0 0 0 0 0 0 0 0 0 0 0 0 0 0 0 0 0 0 0 0 0 0 0 0 0 0 0 0 0 0 0 0 0 0 0 0 0 0 0 0 0 0 0 0 0 0 0 0 0 0
0 0 0 0 0 0 0 0 0 0 0 0 0 0 0 0 0 0 0 0 0 0 0 0 0 0 0 0 0 0 0 0 0 0 0 0 0 0 0 0 0 0 0 0 0 0 0 0 0 0
0 0 0 0 0 0 0 0 0 0 0 0 0 0 0 0 0 0 0 0 0 0 0 0 0 0 0 0 0 0 0 0 0 0 0 0 0 0 0 0 0 0 0 0 0 0 0 0 0 0
0 0 0 0 0 0 0 0 0 0 0 0 0 0 0 0 0 0 0 0 0 0 0 0 0 0 0 0 0 0 0 0 0 0 0 0 0 0 0 0 0 0 0 0 0 0 0 0 0 0
0 0 0 0 0 0 0 0 0 0 0 0 0 0 0 0 0 0 0 0 0 0 0 0 0 0 0 0 0 0 0 0 0 0 0 0 0 
>numMutationCategories:
1
>numSelectionCategories:
1
>categoryProbabilities:
1 
>selectionIsInMixture:
***
0 
>mutationIsInMixture:
***
0 
>obsPhiSets:
0
>currentSynthesisRateLevel:
***
2.0554 2.01218 0.144042 0.0805135 1.71206 4.58293 0.723041 8.62154 0.341635 2.57141
0.886986 0.723517 1.0114 0.633312 0.253862 0.116843 1.46651 6.15615 1.26439 1.28245
2.10567 1.69335 2.7152 0.672078 8.18589 0.370679 0.39264 0.461963 0.237547 11.4288
3.50483 0.130642 1.00467 1.26588 0.365003 11.0797 0.991831 0.262976 0.150402 0.835319
1.3737 0.279028 1.75479 0.448076 2.04656 0.249247 2.49388 0.47984 0.421088 3.62364
0.560201 0.493067 5.32052 1.08733 0.334961 1.64435 3.65697 0.291145 0.217891 1.0271
2.79552 9.3305 0.995796 2.68203 0.906959 1.0889 4.15137 0.842863 4.1835 0.431698
7.46856 3.14037 4.23674 0.434831 1.77939 5.63077 0.806985 0.108803 1.17453 1.31999
1.25833 0.908871 0.18598 0.0949556 0.834349 0.238729 0.342248 0.683706 0.670435 2.69497
0.573425 9.90534 1.7294 2.31629 0.609938 0.130302 0.657128 0.236379 4.98377 0.176305
0.82923 0.448078 2.44538 10.8716 1.25285 1.18227 1.05147 2.8494 0.256733 1.29696
0.248349 0.467649 2.86137 0.207086 0.952764 0.627379 1.94776 2.3627 0.828065 0.298307
11.3688 1.07561 1.0532 7.83432 1.61695 2.20942 1.45742 0.422456 0.968473 0.178297
0.80248 4.43534 0.294169 0.479653 5.56481 1.26 1.88306 0.381561 1.40755 1.24266
0.151314 0.544466 1.41732 0.206077 2.76024 1.40451 0.670173 4.2956 6.10848 0.183407
0.216671 0.805071 0.662577 0.885413 2.84988 8.68323 1.37945 0.445575 8.97598 1.44101
0.755599 0.261789 0.562304 1.45192 0.476443 1.62902 1.57956 2.57202 0.751198 1.05211
0.205656 1.09233 0.235276 0.571007 8.41835 0.60707 1.13895 0.378622 0.274645 1.34094
1.03149 0.603671 0.250383 0.642526 15.7845 0.670055 0.923493 0.592877 0.699497 1.90956
0.822239 1.97341 9.87322 1.91123 8.24896 1.00934 0.677008 0.711406 1.03785 0.116749
1.82103 1.60023 0.487982 0.275192 1.0079 0.433506 0.837823 0.384478 0.200021 0.576857
0.510831 6.23155 0.249293 0.166427 0.329583 0.510021 8.07389 2.70924 0.850383 1.05329
1.39086 0.314087 1.7212 0.999777 1.34644 8.77613 0.715994 2.76538 0.615464 0.753446
0.735353 0.157646 0.174234 0.488207 0.735276 0.553425 1.52331 0.412968 0.463414 1.08595
0.894254 8.2157 0.15838 0.308868 0.508051 0.323945 0.136692 1.00427 2.74683 1.41629
1.35945 0.858758 0.870283 2.91857 14.6265 2.52825 0.805476 0.224974 0.313529 0.970313
0.214367 0.619466 0.2287 3.70938 4.14016 7.80405 5.31728 1.43314 1.46338 0.7496
0.219281 3.16598 0.198763 0.451439 0.489147 0.338328 1.24504 0.27706 1.68513 0.896717
1.71804 0.267433 0.56359 0.413245 2.89411 0.72307 0.43936 0.744321 8.24446 0.627281
0.546666 0.506642 0.268595 0.18084 4.70221 0.210158 0.210515 3.38736 0.199078 0.128295
0.284565 9.61126 0.267644 0.215772 0.652749 3.45777 0.426409 1.21521 0.215552 1.01418
0.234264 2.00096 0.387797 0.390754 8.84163 0.940851 1.83802 1.04381 0.315534 6.0196
3.03008 2.62083 7.80863 0.377579 6.3655 0.321659 0.206861 0.928732 0.191846 6.80728
0.257503 0.250276 1.39554 0.875464 2.06774 0.685459 2.29842 0.79607 0.305065 8.11798
0.485731 0.28204 2.10329 0.393924 0.345151 0.778072 1.58606 1.55511 1.37454 0.143891
1.04055 2.16857 0.283072 9.26464 3.57837 6.55668 2.53737 0.907844 0.502904 1.5493
0.288678 7.76369 2.9656 0.16718 0.281425 0.187865 0.403059 1.01507 2.39736 5.18397
0.168741 7.0168 0.153744 1.60468 0.35707 2.21623 0.273706 0.258562 1.00055 9.31998
0.274494 0.909154 1.03351 4.66688 0.68913 0.950643 0.158047 8.94511 0.672909 1.80981
1.60097 2.15103 0.307184 0.257064 2.86504 1.2965 1.05052 2.80539 1.92194 0.293543
1.36113 0.398454 0.360868 3.42497 7.88955 9.62122 9.9739 1.17937 0.910513 1.99016
0.67351 1.10637 0.813226 0.190218 0.276298 0.200581 11.1411 0.145386 0.645954 1.78194
8.31265 1.45813 3.71508 10.0236 1.96676 0.616338 1.72996 1.05498 0.30695 2.08726
0.248411 0.99442 0.210441 1.6564 1.37686 7.41634 0.267 1.11906 1.38829 0.903102
0.278192 7.34643 0.317167 1.89005 2.02529 0.828748 2.2566 0.316504 2.43662 1.33357
0.154159 4.82767 1.26963 3.78043 0.361277 0.447109 3.18109 0.120894 0.185026 1.9005
0.143359 8.5473 1.00458 4.82965 0.348288 0.171355 1.48172 11.1545 0.282088 3.17283
0.35144 0.124955 0.338177 1.70683 0.434425 4.8204 0.749275 11.1404 1.53053 1.59624
0.555914 2.02408 2.10192 1.87883 0.235313 1.89961 0.552099 
>noiseOffset:
>observedSynthesisNoise:
>mutation_prior_mean:
***
0 0 0 0 0 0 0 0 0 0
0 0 0 0 0 0 0 0 0 0
0 0 0 0 0 0 0 0 0 0
0 0 0 0 0 0 0 0 0 0
>mutation_prior_sd:
***
0.35 0.35 0.35 0.35 0.35 0.35 0.35 0.35 0.35 0.35
0.35 0.35 0.35 0.35 0.35 0.35 0.35 0.35 0.35 0.35
0.35 0.35 0.35 0.35 0.35 0.35 0.35 0.35 0.35 0.35
0.35 0.35 0.35 0.35 0.35 0.35 0.35 0.35 0.35 0.35
>std_NoiseOffset:
>std_csp:
0.117414 0.117414 0.117414 6.62474 5.52061 11.4475 4.60051 0.211345 0.211345 0.211345
9.53962 0.248832 0.248832 1.5407 0.0333977 0.0333977 0.0333977 0.0333977 0.0333977 7.94968
0.229324 0.229324 0.229324 19.7814 0.13824 0.13824 0.13824 0.13824 0.13824 0.159252
0.159252 0.159252 0.1728 0.1728 0.1728 0.1152 0.1152 0.1152 3.1948 49.2224
>currentMutationParameter:
***
-0.207407 0.441056 0.645644 0.250758 0.722535 -0.661767 0.605098 0.0345033 0.408419 0.715699
0.738052 0.0243036 0.666805 -0.570756 0.450956 1.05956 0.549069 0.409834 -0.196043 0.614633
-0.0635834 0.497277 0.582122 -0.511362 -1.19632 -0.771466 -0.160406 0.476347 0.403494 -0.0784245
0.522261 0.646223 -0.176795 0.540641 0.501026 0.132361 0.717795 0.387088 0.504953 0.368376
>currentSelectionParameter:
***
0.549184 0.0677939 0.703601 0.0282693 -0.129125 -0.484515 -0.347384 1.35369 0.667193 0.884865
-0.315513 0.733819 -0.238782 0.165181 0.278364 0.6873 0.596058 0.565709 0.400626 -0.320668
-0.165098 0.566028 1.60734 -0.389217 -0.213483 0.526424 2.10974 0.851845 1.88947 0.81592
-0.08648 0.234064 0.563681 -0.0897735 0.439254 0.52699 -0.0348071 0.376962 -0.311961 0.14274
>covarianceMatrix:
A
0.0089434	0	0	0	0	0	
0	0.0089434	0	0	0	0	
0	0	0.0089434	0	0	0	
0	0	0	0.0344166	0.00141357	0.00707726	
0	0	0	0.00141357	0.0118618	0.000537637	
0	0	0	0.00707726	0.000537637	0.0754476	
***
>covarianceMatrix:
C
0.165618	0	
0	0.165618	
***
>covarianceMatrix:
D
0.138015	0	
0	0.138015	
***
>covarianceMatrix:
E
0.286189	0	
0	0.286189	
***
>covarianceMatrix:
F
0.115013	0	
0	0.115013	
***
>covarianceMatrix:
G
0.0445081	0	0	0	0	0	
0	0.0445081	0	0	0	0	
0	0	0.0445081	0	0	0	
0	0	0	0.107014	0.00256803	0.00511057	
0	0	0	0.00256803	0.0645793	0.0023326	
0	0	0	0.00511057	0.0023326	0.0870807	
***
>covarianceMatrix:
H
0.238491	0	
0	0.238491	
***
>covarianceMatrix:
I
0.0154793	0	0	0	
0	0.0154793	0	0	
0	0	0.0154793	0	
0	0	0	0.0154793	
***
>covarianceMatrix:
K
0.0385176	0	
0	0.0385176	
***
>covarianceMatrix:
L
0.0013126	0	0	0	0	0	0	0	0	0	
0	0.0013126	0	0	0	0	0	0	0	0	
0	0	0.0013126	0	0	0	0	0	0	0	
0	0	0	0.0013126	0	0	0	0	0	0	
0	0	0	0	0.0013126	0	0	0	0	0	
0	0	0	0	0	0.0097474	0.00330316	0.00224645	0.00181412	0.00106088	
0	0	0	0	0	0.00330316	0.122478	0.00589565	0.00179569	0.00169175	
0	0	0	0	0	0.00224645	0.00589565	0.0271293	0.00247399	0.00107095	
0	0	0	0	0	0.00181412	0.00179569	0.00247399	0.0182391	0.00174883	
0	0	0	0	0	0.00106088	0.00169175	0.00107095	0.00174883	0.00654494	
***
>covarianceMatrix:
N
0.198742	0	
0	0.198742	
***
>covarianceMatrix:
P
0.0414046	0	0	0	0	0	
0	0.0414046	0	0	0	0	
0	0	0.0414046	0	0	0	
0	0	0	0.0472873	0.00578889	0.00195336	
0	0	0	0.00578889	0.078969	0.00349855	
0	0	0	0.00195336	0.00349855	0.213477	
***
>covarianceMatrix:
Q
0.494534	0	
0	0.494534	
***
>covarianceMatrix:
R
0.0231105	0	0	0	0	0	0	0	0	0	
0	0.0231105	0	0	0	0	0	0	0	0	
0	0	0.0231105	0	0	0	0	0	0	0	
0	0	0	0.0231105	0	0	0	0	0	0	
0	0	0	0	0.0231105	0	0	0	0	0	
0	0	0	0	0	0.024276	0.000349844	-0.00231305	0.00124083	0.00205947	
0	0	0	0	0	0.000349844	0.0352005	-0.00442791	0.0038511	-0.00740677	
0	0	0	0	0	-0.00231305	-0.00442791	0.10554	-0.00518778	-0.00946124	
0	0	0	0	0	0.00124083	0.0038511	-0.00518778	0.0395858	0.0104122	
0	0	0	0	0	0.00205947	-0.00740677	-0.00946124	0.0104122	0.0817959	
***
>covarianceMatrix:
S
0.0138663	0	0	0	0	0	
0	0.0138663	0	0	0	0	
0	0	0.0138663	0	0	0	
0	0	0	0.0320804	-0.000207403	0.00288665	
0	0	0	-0.000207403	0.0157079	0.00162119	
0	0	0	0.00288665	0.00162119	0.0293491	
***
>covarianceMatrix:
T
0.0128995	0	0	0	0	0	
0	0.0128995	0	0	0	0	
0	0	0.0128995	0	0	0	
0	0	0	0.0128995	0	0	
0	0	0	0	0.0128995	0	
0	0	0	0	0	0.0128995	
***
>covarianceMatrix:
V
0.00447898	0	0	0	0	0	
0	0.00447898	0	0	0	0	
0	0	0.00447898	0	0	0	
0	0	0	0.00693681	0.000101086	0.000421899	
0	0	0	0.000101086	0.00472213	0.000177692	
0	0	0	0.000421899	0.000177692	0.00560286	
***
>covarianceMatrix:
Y
0.07987	0	
0	0.07987	
***
>covarianceMatrix:
Z
1.23056	0	
0	1.23056	
***
