>groupList:
A C D E F G H I K L
N P Q R S T V Y Z 
>stdDevSynthesisRate:
1.238 
>numParam:
40
>numMixtures:
1
>std_stdDevSynthesisRate:
0.1
>std_phi:
***
0.1 0.1 0.1 0.1 0.1 0.1 0.1 0.1 0.1 0.1
0.1 0.1 0.1 0.1 0.1 0.1 0.1 0.1 0.1 0.1
0.1 0.1 0.1 0.1 0.1 0.1 0.1 0.1 0.1 0.1
0.1 0.1 0.1 0.1 0.1 0.1 0.1 0.1 0.1 0.1
0.1 0.1 0.1 0.1 0.1 0.1 0.1 0.1 0.1 0.1
0.1 0.1 0.1 0.1 0.1 0.1 0.1 0.1 0.1 0.1
0.1 0.1 0.1 0.1 0.1 0.1 0.1 0.1 0.1 0.1
0.1 0.1 0.1 0.1 0.1 0.1 0.1 0.1 0.1 0.1
0.1 0.1 0.1 0.1 0.1 0.1 0.1 0.1 0.1 0.1
0.1 0.1 0.1 0.1 0.1 0.1 0.1 0.1 0.1 0.1
0.1 0.1 0.1 0.1 0.1 0.1 0.1 0.1 0.1 0.1
0.1 0.1 0.1 0.1 0.1 0.1 0.1 0.1 0.1 0.1
0.1 0.1 0.1 0.1 0.1 0.1 0.1 0.1 0.1 0.1
0.1 0.1 0.1 0.1 0.1 0.1 0.1 0.1 0.1 0.1
0.1 0.1 0.1 0.1 0.1 0.1 0.1 0.1 0.1 0.1
0.1 0.1 0.1 0.1 0.1 0.1 0.1 0.1 0.1 0.1
0.1 0.1 0.1 0.1 0.1 0.1 0.1 0.1 0.1 0.1
0.1 0.1 0.1 0.1 0.1 0.1 0.1 0.1 0.1 0.1
0.1 0.1 0.1 0.1 0.1 0.1 0.1 0.1 0.1 0.1
0.1 0.1 0.1 0.1 0.1 0.1 0.1 0.1 0.1 0.1
0.1 0.1 0.1 0.1 0.1 0.1 0.1 0.1 0.1 0.1
0.1 0.1 0.1 0.1 0.1 0.1 0.1 0.1 0.1 0.1
0.1 0.1 0.1 0.1 0.1 0.1 0.1 0.1 0.1 0.1
0.1 0.1 0.1 0.1 0.1 0.1 0.1 0.1 0.1 0.1
0.1 0.1 0.1 0.1 0.1 0.1 0.1 0.1 0.1 0.1
0.1 0.1 0.1 0.1 0.1 0.1 0.1 0.1 0.1 0.1
0.1 0.1 0.1 0.1 0.1 0.1 0.1 0.1 0.1 0.1
0.1 0.1 0.1 0.1 0.1 0.1 0.1 0.1 0.1 0.1
0.1 0.1 0.1 0.1 0.1 0.1 0.1 0.1 0.1 0.1
0.1 0.1 0.1 0.1 0.1 0.1 0.1 0.1 0.1 0.1
0.1 0.1 0.1 0.1 0.1 0.1 0.1 0.1 0.1 0.1
0.1 0.1 0.1 0.1 0.1 0.1 0.1 0.1 0.1 0.1
0.1 0.1 0.1 0.1 0.1 0.1 0.1 0.1 0.1 0.1
0.1 0.1 0.1 0.1 0.1 0.1 0.1 0.1 0.1 0.1
0.1 0.1 0.1 0.1 0.1 0.1 0.1 0.1 0.1 0.1
0.1 0.1 0.1 0.1 0.1 0.1 0.1 0.1 0.1 0.1
0.1 0.1 0.1 0.1 0.1 0.1 0.1 0.1 0.1 0.1
0.1 0.1 0.1 0.1 0.1 0.1 0.1 0.1 0.1 0.1
0.1 0.1 0.1 0.1 0.1 0.1 0.1 0.1 0.1 0.1
0.1 0.1 0.1 
>categories:
0 0
>mixtureAssignment:
0 0 0 0 0 0 0 0 0 0 0 0 0 0 0 0 0 0 0 0 0 0 0 0 0 0 0 0 0 0 0 0 0 0 0 0 0 0 0 0 0 0 0 0 0 0 0 0 0 0
0 0 0 0 0 0 0 0 0 0 0 0 0 0 0 0 0 0 0 0 0 0 0 0 0 0 0 0 0 0 0 0 0 0 0 0 0 0 0 0 0 0 0 0 0 0 0 0 0 0
0 0 0 0 0 0 0 0 0 0 0 0 0 0 0 0 0 0 0 0 0 0 0 0 0 0 0 0 0 0 0 0 0 0 0 0 0 0 0 0 0 0 0 0 0 0 0 0 0 0
0 0 0 0 0 0 0 0 0 0 0 0 0 0 0 0 0 0 0 0 0 0 0 0 0 0 0 0 0 0 0 0 0 0 0 0 0 0 0 0 0 0 0 0 0 0 0 0 0 0
0 0 0 0 0 0 0 0 0 0 0 0 0 0 0 0 0 0 0 0 0 0 0 0 0 0 0 0 0 0 0 0 0 0 0 0 0 0 0 0 0 0 0 0 0 0 0 0 0 0
0 0 0 0 0 0 0 0 0 0 0 0 0 0 0 0 0 0 0 0 0 0 0 0 0 0 0 0 0 0 0 0 0 0 0 0 0 0 0 0 0 0 0 0 0 0 0 0 0 0
0 0 0 0 0 0 0 0 0 0 0 0 0 0 0 0 0 0 0 0 0 0 0 0 0 0 0 0 0 0 0 0 0 0 0 0 0 0 0 0 0 0 0 0 0 0 0 0 0 0
0 0 0 0 0 0 0 0 0 0 0 0 0 0 0 0 0 0 0 0 0 0 0 0 0 0 0 0 0 0 0 0 0 0 0 0 0 0 0 0 0 0 0 
>numMutationCategories:
1
>numSelectionCategories:
1
>categoryProbabilities:
1 
>selectionIsInMixture:
***
0 
>mutationIsInMixture:
***
0 
>obsPhiSets:
0
>currentSynthesisRateLevel:
***
2.0554 0.65537 0.239242 6.42316 8.62154 0.446977 1.2661 2.57141 5.22655 1.0114
0.253862 1.28245 10.7561 2.10567 2.7152 0.672078 0.202777 3.09376 1.33894 0.669011
0.39264 0.461963 0.433918 0.325209 0.398113 2.7186 1.00467 10.1447 0.459177 0.264706
0.991831 0.262976 0.150402 1.10488 1.08572 0.337834 2.24372 1.75479 0.448076 0.421088
0.560201 0.637145 0.756859 0.177957 1.08733 1.50111 10.651 0.877651 1.64435 9.46943
1.0271 3.09488 0.995796 0.369591 0.426703 0.466994 0.177562 4.15137 0.842863 1.03028
11.2679 3.14037 10.2553 0.151885 0.70233 0.31719 3.09748 1.77939 0.312722 0.108803
1.17453 1.31999 1.25833 1.78343 0.172981 0.834349 0.342248 0.248357 0.683706 0.164934
0.44024 2.33847 9.90534 1.7294 0.130302 1.18566 4.98377 0.125491 0.343166 1.4769
0.408088 1.15667 0.433466 2.6513 0.245299 1.2622 1.05147 0.553295 0.467649 0.207086
8.86204 0.828065 2.71841 0.742249 1.0532 7.83432 1.61695 6.56725 2.20942 6.9915
0.80248 0.539285 0.294169 0.479653 0.372895 7.91939 1.26 1.88306 5.77425 1.40755
1.24266 0.151314 0.544466 0.670173 4.2956 6.10848 0.183407 1.23863 0.555126 0.805071
0.662577 1.04654 9.15098 0.135956 0.885413 2.84988 0.699864 1.44101 0.755599 0.261789
0.476443 1.62902 0.260482 0.751198 1.70962 1.01297 0.232455 0.454485 0.397137 1.13895
0.385261 0.378622 1.34094 7.96138 0.188693 0.121326 0.992492 1.39726 1.90956 1.97341
10.948 4.79677 8.24896 0.677008 1.46145 1.03785 0.116749 1.82103 0.433506 0.453658
0.85168 0.651467 0.576857 0.510831 0.350398 2.70924 0.850383 0.158607 1.05329 1.7212
1.34637 1.09263 1.34644 0.209685 0.715994 7.26277 9.95966 0.615464 0.684492 0.753446
0.157646 0.488207 0.553425 0.342085 1.08595 0.15838 0.308868 0.136692 1.00427 0.386499
1.41629 1.35945 1.74435 0.800783 2.91857 2.52825 0.224974 0.313529 0.320632 0.970313
0.214367 0.2287 0.367778 1.43314 1.46338 0.140097 0.751069 0.219281 3.16598 0.198763
0.451439 1.81707 0.350279 0.979468 1.71804 0.56359 0.413245 2.89411 1.04335 0.509952
0.72307 0.406659 1.35992 0.744321 0.231192 1.35163 0.546666 0.506642 0.268595 4.70221
11.0168 0.581397 3.38736 13.9329 0.145506 0.238399 0.737357 5.73215 0.215772 0.698093
3.45777 0.390754 8.84163 1.04381 0.884143 6.0196 0.240905 3.03008 2.62083 0.377579
0.321659 0.27127 0.214937 0.723436 0.187978 0.250276 1.39554 0.305065 1.52076 0.155623
0.160214 0.748187 0.393924 0.603075 0.778072 0.839054 1.55511 1.37454 0.143891 0.148727
1.10837 2.2529 2.53737 1.20849 0.225631 0.907844 0.240538 0.186111 0.502904 1.5493
0.288678 0.730573 0.276256 2.12807 0.281425 0.431377 0.187865 1.62907 0.163888 0.403059
1.08727 2.42361 0.773814 0.60207 0.383988 0.392072 0.153744 0.582996 2.21623 0.258562
0.424545 9.31998 0.274494 0.909154 0.158047 0.672909 1.80981 1.32614 1.60097 0.602243
1.37077 0.499871 0.257064 2.86504 2.80539 0.398454 3.42497 0.165301 0.832855 1.17937
1.10637 0.813226 1.24618 11.1411 0.265917 1.23941 0.645954 1.45813 1.3008 3.71508
0.344173 10.0236 0.998799 1.72996 1.6564 1.37686 3.39808 0.835061 0.766559 1.11906
1.89005 2.02529 2.2566 0.527316 0.528004 2.17405 4.82767 1.26963 3.78043 1.77973
1.1669 1.08439 0.447109 1.35086 3.18109 0.247963 1.9005 0.143359 0.816796 4.82965
3.14877 1.48172 4.80749 0.490627 0.681894 3.17283 0.206906 0.35144 0.18567 1.70683
0.434425 0.260682 0.456923 4.74766 0.279032 9.64198 0.555914 2.02408 0.533201 0.509362
1.87883 0.487636 0.715381 
>noiseOffset:
>observedSynthesisNoise:
>std_NoiseOffset:
>mutation_prior_mean:
***
0 0 0 0 0 0 0 0 0 0
0 0 0 0 0 0 0 0 0 0
0 0 0 0 0 0 0 0 0 0
0 0 0 0 0 0 0 0 0 0
>mutation_prior_sd:
***
0.35 0.35 0.35 0.35 0.35 0.35 0.35 0.35 0.35 0.35
0.35 0.35 0.35 0.35 0.35 0.35 0.35 0.35 0.35 0.35
0.35 0.35 0.35 0.35 0.35 0.35 0.35 0.35 0.35 0.35
0.35 0.35 0.35 0.35 0.35 0.35 0.35 0.35 0.35 0.35
>std_csp:
3.17538e+14 3.17538e+14 3.17538e+14 3.89603e+38 3.89603e+38 3.89603e+38 3.89603e+38 125013 125013 125013
3.89603e+38 7.91516e+35 7.91516e+35 3.89603e+38 0.317017 0.317017 0.317017 0.317017 0.317017 3.89603e+38
3.63464e+10 3.63464e+10 3.63464e+10 3.89603e+38 1.49827e-05 1.49827e-05 1.49827e-05 1.49827e-05 1.49827e-05 8.50652e+07
8.50652e+07 8.50652e+07 2.90772e+10 2.90772e+10 2.90772e+10 3.73326e+11 3.73326e+11 3.73326e+11 3.89603e+38 3.89603e+38
>currentMutationParameter:
***
-0.207407 0.441056 0.645644 0.250758 0.722535 -0.661767 0.605098 0.0345033 0.408419 0.715699
0.738052 0.0243036 0.666805 -0.570756 0.450956 1.05956 0.549069 0.409834 -0.196043 0.614633
-0.0635834 0.497277 0.582122 -0.511362 -1.19632 -0.771466 -0.160406 0.476347 0.403494 -0.0784245
0.522261 0.646223 -0.176795 0.540641 0.501026 0.132361 0.717795 0.387088 0.504953 0.368376
>currentSelectionParameter:
***
0.276469 0.361258 1.1667 1.83335 0.118193 -0.492867 -0.113591 11.2305 0.552209 0.921997
3.22182 1.49515 -0.39461 0.311758 0.3096 1.06683 0.907664 1.03608 0.310559 -0.667365
-0.190324 -1.18519 -1.0404 -0.138724 -2.52744 -1.20315 9.3271 -2.47873 102.922 0.666285
-0.433802 -0.246188 0.27821 2.4866 1.72218 1.65806 0.140848 0.10333 -0.434698 0.301562
>covarianceMatrix:
A
2.37335e-72	0	0	0	0	0	
0	2.37335e-72	0	0	0	0	
0	0	2.37335e-72	0	0	0	
0	0	0	0.0513132	0.0138994	0.00774573	
0	0	0	0.0138994	0.0767154	-0.00169988	
0	0	0	0.00774573	-0.00169988	0.163011	
***
>covarianceMatrix:
C
1.15928e-74	0	
0	3.40283	
***
>covarianceMatrix:
D
1.15928e-74	0	
0	0.027756	
***
>covarianceMatrix:
E
1.15928e-74	0	
0	0.0404491	
***
>covarianceMatrix:
F
1.15928e-74	0	
0	0.114674	
***
>covarianceMatrix:
G
1.3653e-47	0	0	0	0	0	
0	1.3653e-47	0	0	0	0	
0	0	1.3653e-47	0	0	0	
0	0	0	10.5388	-0.00635385	0.307742	
0	0	0	-0.00635385	0.179505	0.0276006	
0	0	0	0.307742	0.0276006	0.337586	
***
>covarianceMatrix:
H
1.15928e-74	0	
0	1.41714	
***
>covarianceMatrix:
I
6.54219e-77	0	0	0	
0	6.54219e-77	0	0	
0	0	1.27088	-0.0136652	
0	0	-0.0136652	0.0806417	
***
>covarianceMatrix:
K
1.15928e-74	0	
0	0.102398	
***
>covarianceMatrix:
L
2.45345e-30	0	0	0	0	0	0	0	0	0	
0	2.45345e-30	0	0	0	0	0	0	0	0	
0	0	2.45345e-30	0	0	0	0	0	0	0	
0	0	0	2.45345e-30	0	0	0	0	0	0	
0	0	0	0	2.45345e-30	0	0	0	0	0	
0	0	0	0	0	0.0595598	0.0239482	0.0511111	0.0266552	0.0133921	
0	0	0	0	0	0.0239482	0.539612	0.0906929	0.0610708	0.0239382	
0	0	0	0	0	0.0511111	0.0906929	0.252711	0.0764427	0.01644	
0	0	0	0	0	0.0266552	0.0610708	0.0764427	0.188056	0.0326745	
0	0	0	0	0	0.0133921	0.0239382	0.01644	0.0326745	0.0473395	
***
>covarianceMatrix:
N
1.15928e-74	0	
0	0.123607	
***
>covarianceMatrix:
P
4.28893e-62	0	0	0	0	0	
0	4.28893e-62	0	0	0	0	
0	0	4.28893e-62	0	0	0	
0	0	0	0.721164	0.308005	0.257456	
0	0	0	0.308005	0.550508	0.171116	
0	0	0	0.257456	0.171116	0.537148	
***
>covarianceMatrix:
Q
1.15928e-74	0	
0	0.182331	
***
>covarianceMatrix:
R
2.58335e-43	0	0	0	0	0	0	0	0	0	
0	2.58335e-43	0	0	0	0	0	0	0	0	
0	0	2.58335e-43	0	0	0	0	0	0	0	
0	0	0	2.58335e-43	0	0	0	0	0	0	
0	0	0	0	2.58335e-43	0	0	0	0	0	
0	0	0	0	0	0.44175	0.534275	-0.342361	0.445741	-0.212372	
0	0	0	0	0	0.534275	0.918223	-0.53913	0.672394	-0.691453	
0	0	0	0	0	-0.342361	-0.53913	6.65098	-0.612427	-2.19826	
0	0	0	0	0	0.445741	0.672394	-0.612427	0.974283	-0.27269	
0	0	0	0	0	-0.212372	-0.691453	-2.19826	-0.27269	6.36984	
***
>covarianceMatrix:
S
4.54047e-58	0	0	0	0	0	
0	4.54047e-58	0	0	0	0	
0	0	4.54047e-58	0	0	0	
0	0	0	0.29608	-0.00549852	-0.00120438	
0	0	0	-0.00549852	0.026658	0.0284107	
0	0	0	-0.00120438	0.0284107	0.237148	
***
>covarianceMatrix:
T
3.4578e-64	0	0	0	0	0	
0	3.4578e-64	0	0	0	0	
0	0	3.4578e-64	0	0	0	
0	0	0	0.149113	0.0411164	0.0648063	
0	0	0	0.0411164	1.02066	-0.00404999	
0	0	0	0.0648063	-0.00404999	0.346075	
***
>covarianceMatrix:
V
9.58938e-64	0	0	0	0	0	
0	9.58938e-64	0	0	0	0	
0	0	9.58938e-64	0	0	0	
0	0	0	2.13059	-0.0169759	-0.0436186	
0	0	0	-0.0169759	0.0186578	-0.00440673	
0	0	0	-0.0436186	-0.00440673	0.155187	
***
>covarianceMatrix:
Y
1.15928e-74	0	
0	0.083908	
***
>covarianceMatrix:
Z
1.15928e-74	0	
0	0.430291	
***
