>groupList:
A C D E F G H I K L
N P Q R S T V Y Z 
>stdDevSynthesisRate:
1.238 
>numParam:
40
>numMixtures:
1
>std_stdDevSynthesisRate:
0.1
>std_phi:
***
0.1 0.1 0.1 0.1 0.1 0.1 0.1 0.1 0.1 0.1
0.1 0.1 0.1 0.1 0.1 0.1 0.1 0.1 0.1 0.1
0.1 0.1 0.1 0.1 0.1 0.1 0.1 0.1 0.1 0.1
0.1 0.1 0.1 0.1 0.1 0.1 0.1 0.1 0.1 0.1
0.1 0.1 0.1 0.1 0.1 0.1 0.1 0.1 0.1 0.1
0.1 0.1 0.1 0.1 0.1 0.1 0.1 0.1 0.1 0.1
0.1 0.1 0.1 0.1 0.1 0.1 0.1 0.1 0.1 0.1
0.1 0.1 0.1 0.1 0.1 0.1 0.1 0.1 0.1 0.1
0.1 0.1 0.1 0.1 0.1 0.1 0.1 0.1 0.1 0.1
0.1 0.1 0.1 0.1 0.1 0.1 0.1 0.1 0.1 0.1
0.1 0.1 0.1 0.1 0.1 0.1 0.1 0.1 0.1 0.1
0.1 0.1 0.1 0.1 0.1 0.1 0.1 0.1 0.1 0.1
0.1 0.1 0.1 0.1 0.1 0.1 0.1 0.1 0.1 0.1
0.1 0.1 0.1 0.1 0.1 0.1 0.1 0.1 0.1 0.1
0.1 0.1 0.1 0.1 0.1 0.1 0.1 0.1 0.1 0.1
0.1 0.1 0.1 0.1 0.1 0.1 0.1 0.1 0.1 0.1
0.1 0.1 0.1 0.1 0.1 0.1 0.1 0.1 0.1 0.1
0.1 0.1 0.1 0.1 0.1 0.1 0.1 0.1 0.1 0.1
0.1 0.1 0.1 0.1 0.1 0.1 0.1 0.1 0.1 0.1
0.1 0.1 0.1 0.1 0.1 0.1 0.1 0.1 0.1 0.1
0.1 0.1 0.1 0.1 0.1 0.1 0.1 0.1 0.1 0.1
0.1 0.1 0.1 0.1 0.1 0.1 0.1 0.1 0.1 0.1
0.1 0.1 0.1 0.1 0.1 0.1 0.1 0.1 0.1 0.1
0.1 0.1 0.1 0.1 0.1 0.1 0.1 0.1 0.1 0.1
0.1 0.1 0.1 0.1 0.1 0.1 0.1 0.1 0.1 0.1
0.1 0.1 0.1 0.1 
>categories:
0 0
>mixtureAssignment:
0 0 0 0 0 0 0 0 0 0 0 0 0 0 0 0 0 0 0 0 0 0 0 0 0 0 0 0 0 0 0 0 0 0 0 0 0 0 0 0 0 0 0 0 0 0 0 0 0 0
0 0 0 0 0 0 0 0 0 0 0 0 0 0 0 0 0 0 0 0 0 0 0 0 0 0 0 0 0 0 0 0 0 0 0 0 0 0 0 0 0 0 0 0 0 0 0 0 0 0
0 0 0 0 0 0 0 0 0 0 0 0 0 0 0 0 0 0 0 0 0 0 0 0 0 0 0 0 0 0 0 0 0 0 0 0 0 0 0 0 0 0 0 0 0 0 0 0 0 0
0 0 0 0 0 0 0 0 0 0 0 0 0 0 0 0 0 0 0 0 0 0 0 0 0 0 0 0 0 0 0 0 0 0 0 0 0 0 0 0 0 0 0 0 0 0 0 0 0 0
0 0 0 0 0 0 0 0 0 0 0 0 0 0 0 0 0 0 0 0 0 0 0 0 0 0 0 0 0 0 0 0 0 0 0 0 0 0 0 0 0 0 0 0 0 0 0 0 0 0
0 0 0 0 
>numMutationCategories:
1
>numSelectionCategories:
1
>categoryProbabilities:
1 
>selectionIsInMixture:
***
0 
>mutationIsInMixture:
***
0 
>obsPhiSets:
0
>currentSynthesisRateLevel:
***
0.0805135 0.341635 1.0114 6.15615 1.26439 1.28245 2.10567 1.69335 0.672078 8.18589
0.370679 2.76335 0.39264 11.4288 3.50483 0.365003 0.835319 1.3737 0.249247 2.49388
1.08733 0.334961 0.291145 1.0271 2.68203 0.906959 1.0889 0.842863 4.1835 0.431698
7.46856 4.23674 0.434831 1.77939 1.17453 1.31999 0.0949556 0.834349 0.342248 0.683706
0.670435 0.573425 9.90534 1.7294 2.31629 0.609938 0.130302 0.657128 0.82923 0.448078
10.8716 1.25285 1.05147 2.8494 0.256733 2.86137 0.207086 1.94776 0.828065 0.298307
2.20942 1.45742 0.422456 0.968473 0.178297 0.80248 0.294169 0.479653 1.88306 0.381561
1.24266 0.151314 1.41732 0.206077 2.76024 6.10848 0.183407 0.216671 0.805071 0.662577
0.885413 0.445575 0.261789 0.476443 1.09828 0.751198 1.09233 0.571007 0.378622 0.274645
1.34094 0.603671 15.7845 0.670055 0.923493 0.699497 1.90956 9.87322 1.00934 0.677008
0.711406 1.03785 0.116749 1.82103 0.275192 1.0079 0.433506 0.837823 0.384478 0.510831
0.166427 0.510021 8.07389 2.70924 0.850383 1.39086 1.7212 1.34644 0.615464 0.753446
0.735353 0.157646 0.412968 1.08595 0.308868 0.323945 0.136692 1.00427 1.35945 0.858758
14.6265 2.52825 0.970313 0.214367 0.619466 3.70938 4.14016 7.80405 1.43314 0.7496
0.219281 3.16598 1.24504 0.267433 0.56359 0.413245 2.89411 0.72307 0.43936 0.546666
0.506642 4.70221 0.210158 0.210515 3.38736 0.199078 9.61126 0.267644 0.652749 3.45777
0.426409 0.215552 1.01418 8.84163 1.83802 1.04381 0.315534 6.0196 2.62083 7.80863
0.206861 0.191846 6.80728 1.39554 0.875464 2.06774 8.11798 0.28204 2.10329 0.778072
1.55511 0.143891 1.04055 2.16857 0.283072 9.26464 3.57837 0.502904 1.5493 0.288678
7.76369 2.9656 0.281425 0.187865 2.39736 0.35707 2.21623 0.273706 0.258562 0.274494
0.909154 4.66688 0.158047 0.672909 1.60097 0.307184 0.257064 2.86504 2.80539 1.92194
0.293543 3.42497 9.9739 1.99016 0.67351 1.10637 0.190218 11.1411 0.645954 10.0236
1.72996 0.30695 0.248411 1.6564 1.37686 7.41634 0.267 1.11906 7.34643 0.828748
0.316504 2.43662 0.154159 1.26963 3.78043 0.361277 3.18109 1.9005 0.143359 8.5473
4.82965 1.48172 3.17283 0.338177 1.70683 0.434425 4.8204 11.1404 1.59624 2.02408
1.87883 0.235313 1.89961 0.552099 
>noiseOffset:
>observedSynthesisNoise:
>std_NoiseOffset:
>mutation_prior_mean:
***
0 0 0 0 0 0 0 0 0 0
0 0 0 0 0 0 0 0 0 0
0 0 0 0 0 0 0 0 0 0
0 0 0 0 0 0 0 0 0 0
>mutation_prior_sd:
***
0.35 0.35 0.35 0.35 0.35 0.35 0.35 0.35 0.35 0.35
0.35 0.35 0.35 0.35 0.35 0.35 0.35 0.35 0.35 0.35
0.35 0.35 0.35 0.35 0.35 0.35 0.35 0.35 0.35 0.35
0.35 0.35 0.35 0.35 0.35 0.35 0.35 0.35 0.35 0.35
>std_csp:
6.77426e+30 6.77426e+30 6.77426e+30 1.51791e+78 1.51791e+78 1.51791e+78 1.51791e+78 3.2467e+38 3.2467e+38 3.2467e+38
1.51791e+78 7.67346e+75 7.67346e+75 1.51791e+78 4.41649 4.41649 4.41649 4.41649 4.41649 1.51791e+78
33.9007 33.9007 33.9007 1.51791e+78 3.47491e-06 3.47491e-06 3.47491e-06 3.47491e-06 3.47491e-06 1.92965e+33
1.92965e+33 1.92965e+33 5.76191e+33 5.76191e+33 5.76191e+33 1.03725e+40 1.03725e+40 1.03725e+40 1.51791e+78 1.51791e+78
>currentMutationParameter:
***
-0.207407 0.441056 0.645644 0.250758 0.722535 -0.661767 0.605098 0.0345033 0.408419 0.715699
0.738052 0.0243036 0.666805 -0.570756 0.450956 1.05956 0.549069 0.409834 -0.196043 0.614633
-0.0635834 0.497277 0.582122 -0.511362 -1.19632 -0.771466 -0.160406 0.476347 0.403494 -0.0784245
0.522261 0.646223 -0.176795 0.540641 0.501026 0.132361 0.717795 0.387088 0.504953 0.368376
>currentSelectionParameter:
***
0.351654 0.104227 1.14543 0.60016 -0.101175 -0.499931 -0.322478 0.68656 0.470013 0.670981
-0.0551765 0.813289 -0.106796 0.231159 0.479738 0.707955 0.774586 0.47665 0.168686 -0.254845
-0.0618313 -0.0347917 1.20493 -0.88241 -0.340247 0.607943 1.6312 0.10564 3.47593 0.424398
-0.164896 0.602567 0.507962 -0.0153102 0.704419 0.639306 -0.0836477 0.489707 -0.259983 0.0234654
>covarianceMatrix:
A
1.54931e-146	0	0	0	0	0	
0	1.54931e-146	0	0	0	0	
0	0	1.54931e-146	0	0	0	
0	0	0	0.0100293	-0.000344721	0.00201955	
0	0	0	-0.000344721	0.00915049	0.0154616	
0	0	0	0.00201955	0.0154616	0.222347	
***
>covarianceMatrix:
C
5.37572e-146	0	
0	0.0895976	
***
>covarianceMatrix:
D
5.37572e-146	0	
0	0.00728401	
***
>covarianceMatrix:
E
5.37572e-146	0	
0	0.0226907	
***
>covarianceMatrix:
F
5.37572e-146	0	
0	0.00687335	
***
>covarianceMatrix:
G
1.00807e-151	0	0	0	0	0	
0	1.00807e-151	0	0	0	0	
0	0	1.00807e-151	0	0	0	
0	0	0	0.0418514	0.000506822	0.0106006	
0	0	0	0.000506822	0.0277618	0.00583593	
0	0	0	0.0106006	0.00583593	0.0552316	
***
>covarianceMatrix:
H
5.37572e-146	0	
0	0.0105537	
***
>covarianceMatrix:
I
4.52928e-148	0	0	0	
0	4.52928e-148	0	0	
0	0	0.0305343	-0.00112253	
0	0	-0.00112253	0.00254922	
***
>covarianceMatrix:
K
5.37572e-146	0	
0	0.00522058	
***
>covarianceMatrix:
L
3.75067e-53	0	0	0	0	0	0	0	0	0	
0	3.75067e-53	0	0	0	0	0	0	0	0	
0	0	3.75067e-53	0	0	0	0	0	0	0	
0	0	0	3.75067e-53	0	0	0	0	0	0	
0	0	0	0	3.75067e-53	0	0	0	0	0	
0	0	0	0	0	0.0088139	0.00357878	-0.00291679	0.000812701	0.000688311	
0	0	0	0	0	0.00357878	0.0919744	-0.00236419	0.00589528	0.0021093	
0	0	0	0	0	-0.00291679	-0.00236419	0.0538005	0.00227385	-0.000237618	
0	0	0	0	0	0.000812701	0.00589528	0.00227385	0.0104694	0.000318092	
0	0	0	0	0	0.000688311	0.0021093	-0.000237618	0.000318092	0.00168797	
***
>covarianceMatrix:
N
5.37572e-146	0	
0	0.0122895	
***
>covarianceMatrix:
P
8.8437e-78	0	0	0	0	0	
0	8.8437e-78	0	0	0	0	
0	0	8.8437e-78	0	0	0	
0	0	0	0.0145281	0.0123456	-0.0281247	
0	0	0	0.0123456	0.0359881	0.012027	
0	0	0	-0.0281247	0.012027	1.20795	
***
>covarianceMatrix:
Q
5.37572e-146	0	
0	0.0424466	
***
>covarianceMatrix:
R
1.14786e-79	0	0	0	0	0	0	0	0	0	
0	1.14786e-79	0	0	0	0	0	0	0	0	
0	0	1.14786e-79	0	0	0	0	0	0	0	
0	0	0	1.14786e-79	0	0	0	0	0	0	
0	0	0	0	1.14786e-79	0	0	0	0	0	
0	0	0	0	0	0.00861279	0.00946171	0.00907718	0.00287011	-0.00697826	
0	0	0	0	0	0.00946171	0.0487646	0.042225	0.0346666	0.0226851	
0	0	0	0	0	0.00907718	0.042225	0.425928	0.0649651	0.0112612	
0	0	0	0	0	0.00287011	0.0346666	0.0649651	0.346893	0.0614244	
0	0	0	0	0	-0.00697826	0.0226851	0.0112612	0.0614244	0.681998	
***
>covarianceMatrix:
S
2.68924e-148	0	0	0	0	0	
0	2.68924e-148	0	0	0	0	
0	0	2.68924e-148	0	0	0	
0	0	0	0.0304531	0.00497682	0.0173608	
0	0	0	0.00497682	0.00691532	0.00611805	
0	0	0	0.0173608	0.00611805	0.0649263	
***
>covarianceMatrix:
T
1.03267e-146	0	0	0	0	0	
0	1.03267e-146	0	0	0	0	
0	0	1.03267e-146	0	0	0	
0	0	0	0.0193186	0.00193274	0.0036197	
0	0	0	0.00193274	0.00266867	-0.000852676	
0	0	0	0.0036197	-0.000852676	0.0664146	
***
>covarianceMatrix:
V
1.97773e-156	0	0	0	0	0	
0	1.97773e-156	0	0	0	0	
0	0	1.97773e-156	0	0	0	
0	0	0	0.0173785	-0.00020188	-3.59742e-05	
0	0	0	-0.00020188	0.00106892	-4.11815e-07	
0	0	0	-3.59742e-05	-4.11815e-07	0.0063092	
***
>covarianceMatrix:
Y
5.37572e-146	0	
0	0.0135591	
***
>covarianceMatrix:
Z
5.37572e-146	0	
0	0.212095	
***
