>groupList:
A C D E F G H I K L
N P Q R S T V Y Z 
>stdDevSynthesisRate:
0.01 
>numParam:
40
>numMixtures:
1
>std_stdDevSynthesisRate:
0.1
>std_phi:
***
0.1 0.1 0.1 0.1 0.1 0.1 0.1 0.1 0.1 0.1
0.1 0.1 0.1 0.1 0.1 0.1 0.1 0.1 0.1 0.1
0.1 0.1 0.1 0.1 0.1 0.1 0.1 0.1 0.1 0.1
0.1 0.1 0.1 0.1 0.1 0.1 0.1 0.1 0.1 0.1
0.1 0.1 0.1 0.1 0.1 0.1 0.1 0.1 0.1 0.1
0.1 0.1 0.1 0.1 0.1 0.1 0.1 0.1 0.1 0.1
0.1 0.1 0.1 0.1 0.1 0.1 0.1 0.1 0.1 0.1
0.1 0.1 0.1 0.1 0.1 0.1 0.1 0.1 0.1 0.1
0.1 0.1 0.1 0.1 0.1 0.1 0.1 0.1 0.1 0.1
0.1 0.1 0.1 0.1 0.1 0.1 0.1 0.1 0.1 0.1
0.1 0.1 0.1 0.1 0.1 0.1 0.1 0.1 0.1 0.1
0.1 0.1 0.1 0.1 0.1 0.1 0.1 0.1 0.1 0.1
0.1 0.1 0.1 0.1 0.1 0.1 0.1 0.1 0.1 0.1
0.1 0.1 0.1 0.1 0.1 0.1 0.1 0.1 0.1 0.1
0.1 0.1 0.1 0.1 0.1 0.1 0.1 0.1 0.1 0.1
0.1 0.1 0.1 0.1 0.1 0.1 0.1 0.1 0.1 0.1
0.1 0.1 0.1 0.1 0.1 0.1 0.1 0.1 0.1 0.1
0.1 0.1 0.1 0.1 0.1 0.1 0.1 0.1 0.1 0.1
0.1 0.1 0.1 0.1 0.1 0.1 0.1 0.1 0.1 0.1
0.1 0.1 0.1 0.1 0.1 0.1 0.1 0.1 0.1 0.1
0.1 0.1 0.1 0.1 0.1 0.1 0.1 0.1 0.1 0.1
0.1 0.1 0.1 0.1 0.1 0.1 0.1 0.1 0.1 0.1
0.1 0.1 0.1 0.1 0.1 0.1 0.1 0.1 0.1 0.1
0.1 0.1 0.1 0.1 0.1 0.1 0.1 0.1 0.1 0.1
0.1 0.1 0.1 0.1 0.1 0.1 0.1 0.1 0.1 0.1
0.1 0.1 0.1 0.1 0.1 0.1 0.1 0.1 0.1 0.1
0.1 0.1 
>categories:
0 0
>mixtureAssignment:
0 0 0 0 0 0 0 0 0 0 0 0 0 0 0 0 0 0 0 0 0 0 0 0 0 0 0 0 0 0 0 0 0 0 0 0 0 0 0 0 0 0 0 0 0 0 0 0 0 0
0 0 0 0 0 0 0 0 0 0 0 0 0 0 0 0 0 0 0 0 0 0 0 0 0 0 0 0 0 0 0 0 0 0 0 0 0 0 0 0 0 0 0 0 0 0 0 0 0 0
0 0 0 0 0 0 0 0 0 0 0 0 0 0 0 0 0 0 0 0 0 0 0 0 0 0 0 0 0 0 0 0 0 0 0 0 0 0 0 0 0 0 0 0 0 0 0 0 0 0
0 0 0 0 0 0 0 0 0 0 0 0 0 0 0 0 0 0 0 0 0 0 0 0 0 0 0 0 0 0 0 0 0 0 0 0 0 0 0 0 0 0 0 0 0 0 0 0 0 0
0 0 0 0 0 0 0 0 0 0 0 0 0 0 0 0 0 0 0 0 0 0 0 0 0 0 0 0 0 0 0 0 0 0 0 0 0 0 0 0 0 0 0 0 0 0 0 0 0 0
0 0 0 0 0 0 0 0 0 0 0 0 
>numMutationCategories:
1
>numSelectionCategories:
1
>categoryProbabilities:
1 
>selectionIsInMixture:
***
0 
>mutationIsInMixture:
***
0 
>obsPhiSets:
0
>currentSynthesisRateLevel:
***
0.144042 1.57055 0.228841 11.1375 6.42316 0.341635 0.723517 1.42988 1.63351 1.46651
0.370679 1.33894 0.461963 0.300016 0.398113 0.130642 0.365003 0.264706 0.991831 0.262976
1.3737 2.24372 1.75479 2.04656 0.778587 0.493067 5.32052 0.756859 3.28845 10.651
1.80697 0.334961 0.271411 9.46943 1.98184 1.19407 8.63403 1.70396 9.53792 4.15137
1.33819 4.1835 0.553192 0.151885 3.09748 0.480984 1.23112 0.154763 0.108803 0.908871
0.238729 2.33847 1.27822 0.19597 2.31629 0.609938 0.502988 0.236379 8.36312 0.82923
2.44538 0.433466 1.02121 0.307899 5.5807 6.17463 2.6513 0.717264 0.840313 2.8494
0.256733 1.29696 1.37064 8.86204 0.828065 0.298307 1.17651 1.07561 6.56725 2.20942
1.45742 0.968473 0.178297 0.479653 5.56481 0.477769 0.544466 0.660895 0.206077 0.183407
2.11552 1.28507 9.15098 2.28343 0.445575 0.668578 1.09233 0.334145 0.571007 3.07376
0.891281 0.560035 0.161575 1.45898 0.506275 7.96138 0.318924 0.642526 0.135817 0.592877
1.97341 0.0861637 0.603174 1.72406 8.24896 5.69497 2.14807 3.12919 0.5985 2.43516
2.09846 2.31956 7.73978 0.999777 0.313612 7.26277 0.157646 2.22303 1.52331 0.412968
5.26018 9.02113 0.276976 6.92876 0.15838 0.308868 1.00427 2.74683 1.1507 0.800783
0.858758 0.870283 0.320632 3.0781 0.31351 10.5522 0.219281 9.36038 0.489147 1.81707
0.338328 0.665541 1.61701 1.24504 0.979468 0.755419 0.896717 1.71804 1.69879 1.58754
1.35992 0.627281 0.745827 0.585112 8.30363 0.18084 0.210158 0.658427 0.128295 0.331019
3.97241 0.162708 0.234264 0.290306 1.04381 6.0196 2.62083 0.377579 6.3655 0.206861
1.13169 2.3237 1.37069 6.63061 1.75302 0.474339 0.79607 0.485731 0.845765 7.8244
10.1513 2.10329 0.461998 0.540375 1.19416 1.55511 0.143891 1.10837 2.16857 0.190896
8.15021 6.55668 0.281433 5.71104 1.5493 0.163888 0.383988 5.18397 0.443001 0.424545
1.79278 0.198091 0.230213 0.950643 0.835717 0.158047 0.247113 0.862771 1.92194 1.36113
7.88955 8.86472 0.512226 0.910513 1.24618 2.63349 0.145386 0.6112 3.71508 0.344173
1.00554 5.14704 0.945836 7.58878 0.248411 0.210441 0.835061 0.480651 0.66728 0.316504
0.527316 0.528004 11.3176 1.77165 1.77973 0.39862 0.247963 0.143359 8.5473 0.264942
0.282088 1.15998 0.260682 3.31685 0.645363 0.279032 9.64198 0.908182 2.10192 1.79642
0.639551 0.124565 
>noiseOffset:
>observedSynthesisNoise:
>mutation_prior_mean:
***
0 0 0 0 0 0 0 0 0 0
0 0 0 0 0 0 0 0 0 0
0 0 0 0 0 0 0 0 0 0
0 0 0 0 0 0 0 0 0 0
>mutation_prior_sd:
***
0.35 0.35 0.35 0.35 0.35 0.35 0.35 0.35 0.35 0.35
0.35 0.35 0.35 0.35 0.35 0.35 0.35 0.35 0.35 0.35
0.35 0.35 0.35 0.35 0.35 0.35 0.35 0.35 0.35 0.35
0.35 0.35 0.35 0.35 0.35 0.35 0.35 0.35 0.35 0.35
>std_NoiseOffset:
>std_csp:
0.0652298 0.0652298 0.0652298 15.8251 1.28392 2.55584 1.84884 0.152882 0.152882 0.152882
2.12987 0.248832 0.248832 0.429982 0.030199 0.030199 0.030199 0.030199 0.030199 1.5407
0.152882 0.152882 0.152882 6.62474 0.0471859 0.0471859 0.0471859 0.0471859 0.0471859 0.1152
0.1152 0.1152 0.0884736 0.0884736 0.0884736 0.0884736 0.0884736 0.0884736 2.66233 9.53962
>currentMutationParameter:
***
-0.207407 0.441056 0.645644 0.250758 0.722535 -0.661767 0.605098 0.0345033 0.408419 0.715699
0.738052 0.0243036 0.666805 -0.570756 0.450956 1.05956 0.549069 0.409834 -0.196043 0.614633
-0.0635834 0.497277 0.582122 -0.511362 -1.19632 -0.771466 -0.160406 0.476347 0.403494 -0.0784245
0.522261 0.646223 -0.176795 0.540641 0.501026 0.132361 0.717795 0.387088 0.504953 0.368376
>currentSelectionParameter:
***
0.437528 0.0606234 0.587582 0.249591 -0.079279 -0.173498 -0.287267 0.879323 0.3717 0.829724
-0.111889 0.840087 -0.120901 0.230085 0.11023 0.753995 0.382429 0.276343 0.137432 -0.255682
-0.476988 0.0461977 0.600263 -0.562053 -0.00675311 0.532514 1.57781 0.807475 1.53355 0.403056
-0.0768808 0.282958 0.258013 -0.017538 0.292268 0.637584 -0.0497945 0.295467 -0.261962 0.0545377
>covarianceMatrix:
A
0.00179707	0	0	0	0	0	
0	0.00179707	0	0	0	0	
0	0	0.00179707	0	0	0	
0	0	0	0.0073121	0.00034552	0.00177435	
0	0	0	0.00034552	0.00272421	0.000560736	
0	0	0	0.00177435	0.000560736	0.0273957	
***
>covarianceMatrix:
C
0.29672	0	
0	0.306877	
***
>covarianceMatrix:
D
0.032098	0	
0	0.032098	
***
>covarianceMatrix:
E
0.047922	0	
0	0.0491711	
***
>covarianceMatrix:
F
0.0462211	0	
0	0.0462211	
***
>covarianceMatrix:
G
0.0143766	0	0	0	0	0	
0	0.0143766	0	0	0	0	
0	0	0.0143766	0	0	0	
0	0	0	0.0238938	-0.000423214	0.00295518	
0	0	0	-0.000423214	0.0186874	0.000183002	
0	0	0	0.00295518	0.000183002	0.0393449	
***
>covarianceMatrix:
H
0.039935	0	
0	0.041011	
***
>covarianceMatrix:
I
0.0154793	0	0	0	
0	0.0154793	0	0	
0	0	0.0154793	0	
0	0	0	0.0154793	
***
>covarianceMatrix:
K
0.0107495	0	
0	0.0107495	
***
>covarianceMatrix:
L
0.000433322	0	0	0	0	0	0	0	0	0	
0	0.000433322	0	0	0	0	0	0	0	0	
0	0	0.000433322	0	0	0	0	0	0	0	
0	0	0	0.000433322	0	0	0	0	0	0	
0	0	0	0	0.000433322	0	0	0	0	0	
0	0	0	0	0	0.00203225	0.000369306	0.000439547	0.000323179	0.000241591	
0	0	0	0	0	0.000369306	0.0157373	-0.00100577	4.35022e-05	0.000572145	
0	0	0	0	0	0.000439547	-0.00100577	0.0136562	0.000308979	0.000933602	
0	0	0	0	0	0.000323179	4.35022e-05	0.000308979	0.0053075	0.000269942	
0	0	0	0	0	0.000241591	0.000572145	0.000933602	0.000269942	0.00142647	
***
>covarianceMatrix:
N
0.0385176	0	
0	0.0385176	
***
>covarianceMatrix:
P
0.0143766	0	0	0	0	0	
0	0.0143766	0	0	0	0	
0	0	0.0143766	0	0	0	
0	0	0	0.017113	0.00173514	0.00127979	
0	0	0	0.00173514	0.0267474	0.00270706	
0	0	0	0.00127979	0.00270706	0.0618113	
***
>covarianceMatrix:
Q
0.165618	0	
0	0.165618	
***
>covarianceMatrix:
R
0.00120367	0	0	0	0	0	0	0	0	0	
0	0.00120367	0	0	0	0	0	0	0	0	
0	0	0.00120367	0	0	0	0	0	0	0	
0	0	0	0.00120367	0	0	0	0	0	0	
0	0	0	0	0.00120367	0	0	0	0	0	
0	0	0	0	0	0.00196374	0.00107832	-0.000440996	-0.000308507	0.00072024	
0	0	0	0	0	0.00107832	0.017334	0.010639	-0.00120244	0.000377573	
0	0	0	0	0	-0.000440996	0.010639	0.201416	0.00911666	0.00457125	
0	0	0	0	0	-0.000308507	-0.00120244	0.00911666	0.0425447	0.0206989	
0	0	0	0	0	0.00072024	0.000377573	0.00457125	0.0206989	0.0781285	
***
>covarianceMatrix:
S
0.00447898	0	0	0	0	0	
0	0.00447898	0	0	0	0	
0	0	0.00447898	0	0	0	
0	0	0	0.00534211	-3.67246e-07	6.56792e-06	
0	0	0	-3.67246e-07	0.00475917	0.000306467	
0	0	0	6.56792e-06	0.000306467	0.00798555	
***
>covarianceMatrix:
T
0.00278628	0	0	0	0	0	
0	0.00278628	0	0	0	0	
0	0	0.00278628	0	0	0	
0	0	0	0.00514589	0.000137258	0.000476287	
0	0	0	0.000137258	0.00358821	0.000495763	
0	0	0	0.000476287	0.000495763	0.0117576	
***
>covarianceMatrix:
V
0.00278628	0	0	0	0	0	
0	0.00278628	0	0	0	0	
0	0	0.00278628	0	0	0	
0	0	0	0.00843534	1.02005e-05	-0.000206746	
0	0	0	1.02005e-05	0.00330356	0.00016385	
0	0	0	-0.000206746	0.00016385	0.00619502	
***
>covarianceMatrix:
Y
0.0665583	0	
0	0.0665583	
***
>covarianceMatrix:
Z
0.238491	0	
0	0.238491	
***
