>groupList:
A C D E F G H I K L
N P Q R S T V Y Z 
>stdDevSynthesisRate:
0.01 
>numParam:
40
>numMixtures:
1
>std_stdDevSynthesisRate:
0.1
>std_phi:
***
0.1 0.1 0.1 0.1 0.1 0.1 0.1 0.1 0.1 0.1
0.1 0.1 0.1 0.1 0.1 0.1 0.1 0.1 0.1 0.1
0.1 0.1 0.1 0.1 0.1 0.1 0.1 0.1 0.1 0.1
0.1 0.1 0.1 0.1 0.1 0.1 0.1 0.1 0.1 0.1
0.1 0.1 0.1 0.1 0.1 0.1 0.1 0.1 0.1 0.1
0.1 0.1 0.1 0.1 0.1 0.1 0.1 0.1 0.1 0.1
0.1 0.1 0.1 0.1 0.1 0.1 0.1 0.1 0.1 0.1
0.1 0.1 0.1 0.1 0.1 0.1 0.1 0.1 0.1 0.1
0.1 0.1 0.1 0.1 0.1 0.1 0.1 0.1 0.1 0.1
0.1 0.1 0.1 0.1 0.1 0.1 0.1 0.1 0.1 0.1
0.1 0.1 0.1 0.1 0.1 0.1 0.1 0.1 0.1 0.1
0.1 0.1 0.1 0.1 0.1 0.1 0.1 0.1 0.1 0.1
0.1 0.1 0.1 0.1 0.1 0.1 0.1 0.1 0.1 0.1
0.1 0.1 0.1 0.1 0.1 0.1 0.1 0.1 0.1 0.1
0.1 0.1 0.1 0.1 0.1 0.1 0.1 0.1 0.1 0.1
0.1 0.1 0.1 0.1 0.1 0.1 0.1 0.1 0.1 0.1
0.1 0.1 0.1 0.1 0.1 0.1 0.1 0.1 0.1 0.1
0.1 0.1 0.1 0.1 0.1 0.1 0.1 0.1 0.1 0.1
0.1 0.1 0.1 0.1 0.1 0.1 0.1 0.1 0.1 0.1
0.1 0.1 0.1 0.1 0.1 0.1 0.1 0.1 0.1 0.1
0.1 0.1 0.1 0.1 0.1 0.1 0.1 0.1 0.1 0.1
0.1 0.1 0.1 0.1 0.1 0.1 0.1 0.1 0.1 0.1
0.1 0.1 0.1 0.1 0.1 0.1 0.1 0.1 0.1 0.1
0.1 0.1 0.1 0.1 0.1 0.1 0.1 0.1 0.1 0.1
0.1 0.1 0.1 0.1 0.1 0.1 0.1 0.1 0.1 0.1
0.1 0.1 0.1 0.1 0.1 0.1 0.1 0.1 0.1 0.1
0.1 0.1 0.1 0.1 0.1 0.1 0.1 0.1 0.1 0.1
>categories:
0 0
>mixtureAssignment:
0 0 0 0 0 0 0 0 0 0 0 0 0 0 0 0 0 0 0 0 0 0 0 0 0 0 0 0 0 0 0 0 0 0 0 0 0 0 0 0 0 0 0 0 0 0 0 0 0 0
0 0 0 0 0 0 0 0 0 0 0 0 0 0 0 0 0 0 0 0 0 0 0 0 0 0 0 0 0 0 0 0 0 0 0 0 0 0 0 0 0 0 0 0 0 0 0 0 0 0
0 0 0 0 0 0 0 0 0 0 0 0 0 0 0 0 0 0 0 0 0 0 0 0 0 0 0 0 0 0 0 0 0 0 0 0 0 0 0 0 0 0 0 0 0 0 0 0 0 0
0 0 0 0 0 0 0 0 0 0 0 0 0 0 0 0 0 0 0 0 0 0 0 0 0 0 0 0 0 0 0 0 0 0 0 0 0 0 0 0 0 0 0 0 0 0 0 0 0 0
0 0 0 0 0 0 0 0 0 0 0 0 0 0 0 0 0 0 0 0 0 0 0 0 0 0 0 0 0 0 0 0 0 0 0 0 0 0 0 0 0 0 0 0 0 0 0 0 0 0
0 0 0 0 0 0 0 0 0 0 0 0 0 0 0 0 0 0 0 0 
>numMutationCategories:
1
>numSelectionCategories:
1
>categoryProbabilities:
1 
>selectionIsInMixture:
***
0 
>mutationIsInMixture:
***
0 
>obsPhiSets:
0
>currentSynthesisRateLevel:
***
2.0554 0.144042 1.57055 0.228841 11.1375 6.42316 0.341635 0.723517 1.42988 1.63351
1.46651 0.370679 1.33894 0.461963 0.300016 0.398113 0.130642 0.365003 0.264706 0.991831
0.262976 1.3737 2.24372 1.75479 2.04656 0.778587 0.493067 5.32052 0.756859 3.28845
10.651 0.334961 0.271411 9.46943 1.19407 1.0271 8.63403 1.70396 9.53792 4.15137
0.183188 1.33819 4.1835 0.553192 0.151885 3.09748 0.480984 1.23112 0.154763 0.108803
0.908871 0.238729 2.33847 1.27822 0.19597 2.31629 0.609938 0.502988 0.236379 8.36312
0.82923 2.44538 0.433466 1.02121 0.307899 5.5807 6.17463 2.6513 0.717264 0.840313
2.8494 0.256733 1.29696 1.37064 8.86204 0.828065 0.298307 0.742249 1.17651 1.07561
6.56725 2.20942 1.45742 0.968473 0.178297 0.479653 5.56481 0.477769 0.544466 0.660895
0.206077 0.183407 2.11552 1.28507 9.15098 2.28343 0.445575 0.668578 1.09233 0.232455
0.334145 0.571007 3.07376 0.891281 0.560035 0.161575 1.45898 0.506275 7.96138 0.318924
0.642526 0.135817 0.592877 1.97341 0.0861637 0.603174 1.72406 8.24896 5.69497 2.14807
3.12919 0.5985 2.43516 2.09846 2.31956 7.73978 0.999777 0.313612 7.26277 0.157646
2.22303 1.52331 0.412968 5.26018 9.02113 0.276976 6.92876 0.15838 0.308868 1.00427
2.74683 1.1507 0.800783 0.858758 0.870283 0.313529 0.320632 3.0781 0.31351 10.5522
0.219281 9.36038 0.489147 1.81707 0.338328 0.665541 1.61701 1.24504 0.979468 0.755419
0.896717 1.71804 1.69879 1.58754 1.35992 0.627281 0.745827 0.585112 8.30363 0.18084
0.210158 0.658427 0.128295 0.331019 3.97241 0.162708 0.234264 0.290306 1.04381 6.0196
2.62083 0.377579 6.3655 0.206861 1.13169 2.3237 1.37069 6.63061 1.75302 0.474339
0.79607 0.485731 0.845765 7.8244 10.1513 2.10329 0.461998 0.540375 1.19416 1.55511
0.143891 1.10837 2.16857 0.190896 8.15021 6.55668 0.281433 0.225631 5.71104 1.5493
0.163888 0.383988 5.18397 0.443001 0.424545 1.79278 0.198091 0.230213 0.950643 0.835717
0.158047 1.60097 0.247113 0.862771 1.92194 1.36113 7.88955 8.86472 0.512226 0.910513
1.24618 2.63349 0.145386 0.6112 3.71508 0.344173 1.00554 5.14704 0.945836 7.58878
0.248411 0.210441 0.835061 0.480651 0.66728 0.316504 0.527316 0.528004 11.3176 1.77165
1.77973 0.39862 3.18109 0.247963 0.143359 8.5473 0.264942 2.22402 0.282088 1.15998
0.260682 3.31685 0.645363 0.279032 9.64198 0.908182 2.10192 1.79642 0.639551 0.124565
>noiseOffset:
>observedSynthesisNoise:
>mutation_prior_mean:
***
0 0 0 0 0 0 0 0 0 0
0 0 0 0 0 0 0 0 0 0
0 0 0 0 0 0 0 0 0 0
0 0 0 0 0 0 0 0 0 0
>mutation_prior_sd:
***
0.35 0.35 0.35 0.35 0.35 0.35 0.35 0.35 0.35 0.35
0.35 0.35 0.35 0.35 0.35 0.35 0.35 0.35 0.35 0.35
0.35 0.35 0.35 0.35 0.35 0.35 0.35 0.35 0.35 0.35
0.35 0.35 0.35 0.35 0.35 0.35 0.35 0.35 0.35 0.35
>std_NoiseOffset:
>std_csp:
0.12 0.12 0.12 2.66233 0.515978 1.06993 1.5407 0.13271 0.13271 0.13271
2.21861 0.191103 0.191103 0.855946 0.06144 0.06144 0.06144 0.06144 0.06144 0.89161
0.0849347 0.0849347 0.0849347 3.83376 0.0452985 0.0452985 0.0452985 0.0452985 0.0452985 0.0707789
0.0707789 0.0707789 0.0849347 0.0849347 0.0849347 0.09216 0.09216 0.09216 2.12987 5.52061
>currentMutationParameter:
***
-0.207407 0.441056 0.645644 0.250758 0.722535 -0.661767 0.605098 0.0345033 0.408419 0.715699
0.738052 0.0243036 0.666805 -0.570756 0.450956 1.05956 0.549069 0.409834 -0.196043 0.614633
-0.0635834 0.497277 0.582122 -0.511362 -1.19632 -0.771466 -0.160406 0.476347 0.403494 -0.0784245
0.522261 0.646223 -0.176795 0.540641 0.501026 0.132361 0.717795 0.387088 0.504953 0.368376
>currentSelectionParameter:
***
0.448926 0.0694727 0.631016 0.186077 -0.15275 -0.213452 -0.29271 0.905496 0.382086 0.717539
-0.26226 0.972186 -0.16173 0.289342 0.24474 0.981279 0.571451 0.653212 0.264212 -0.293249
-0.243225 0.162936 0.627716 -0.383905 -0.0242728 0.454648 1.56875 1.08282 2.44329 0.444492
0.0246278 0.319899 0.41766 -0.0980429 0.551692 0.55832 -0.0302914 0.283309 -0.315157 0.107305
>covarianceMatrix:
A
0.00432	0	0	0	0	0	
0	0.00432	0	0	0	0	
0	0	0.00432	0	0	0	
0	0	0	0.00432	0	0	
0	0	0	0	0.00432	0	
0	0	0	0	0	0.00432	
***
>covarianceMatrix:
C
0.0665583	0	
0	0.0665583	
***
>covarianceMatrix:
D
0.0128995	0	
0	0.0128995	
***
>covarianceMatrix:
E
0.0267483	0	
0	0.0267483	
***
>covarianceMatrix:
F
0.0385176	0	
0	0.0385176	
***
>covarianceMatrix:
G
0.00802449	0	0	0	0	0	
0	0.00802449	0	0	0	0	
0	0	0.00802449	0	0	0	
0	0	0	0.0126383	0.000362848	0.000350508	
0	0	0	0.000362848	0.00986197	0.000648163	
0	0	0	0.000350508	0.000648163	0.0154125	
***
>covarianceMatrix:
H
0.0554653	0	
0	0.0554653	
***
>covarianceMatrix:
I
0.00802449	0	0	0	
0	0.00802449	0	0	
0	0	0.0168055	0.000405179	
0	0	0.000405179	0.00866268	
***
>covarianceMatrix:
K
0.016049	0	
0	0.0163266	
***
>covarianceMatrix:
L
0.00134369	0	0	0	0	0	0	0	0	0	
0	0.00134369	0	0	0	0	0	0	0	0	
0	0	0.00134369	0	0	0	0	0	0	0	
0	0	0	0.00134369	0	0	0	0	0	0	
0	0	0	0	0.00134369	0	0	0	0	0	
0	0	0	0	0	0.00220193	0.000119822	4.54841e-05	-0.000119267	0.000145581	
0	0	0	0	0	0.000119822	0.0148223	0.000490129	0.00161903	5.53731e-05	
0	0	0	0	0	4.54841e-05	0.000490129	0.00479251	0.000993558	-5.5879e-05	
0	0	0	0	0	-0.000119267	0.00161903	0.000993558	0.00632463	1.54119e-05	
0	0	0	0	0	0.000145581	5.53731e-05	-5.5879e-05	1.54119e-05	0.00207875	
***
>covarianceMatrix:
N
0.0222903	0	
0	0.0222903	
***
>covarianceMatrix:
P
0.00288882	0	0	0	0	0	
0	0.00288882	0	0	0	0	
0	0	0.00288882	0	0	0	
0	0	0	0.00412676	0.00114548	0.000673321	
0	0	0	0.00114548	0.00816451	0.000959835	
0	0	0	0.000673321	0.000959835	0.0163936	
***
>covarianceMatrix:
Q
0.095844	0	
0	0.095844	
***
>covarianceMatrix:
R
0.00179707	0	0	0	0	0	0	0	0	0	
0	0.00179707	0	0	0	0	0	0	0	0	
0	0	0.00179707	0	0	0	0	0	0	0	
0	0	0	0.00179707	0	0	0	0	0	0	
0	0	0	0	0.00179707	0	0	0	0	0	
0	0	0	0	0	0.00286722	0.000715157	0.00167847	0.00124174	0.000497228	
0	0	0	0	0	0.000715157	0.00949577	0.000368402	0.0024845	0.00244515	
0	0	0	0	0	0.00167847	0.000368402	0.0841377	-0.00234501	0.0177323	
0	0	0	0	0	0.00124174	0.0024845	-0.00234501	0.0947737	-0.00744518	
0	0	0	0	0	0.000497228	0.00244515	0.0177323	-0.00744518	0.256537	
***
>covarianceMatrix:
S
0.00167177	0	0	0	0	0	
0	0.00167177	0	0	0	0	
0	0	0.00167177	0	0	0	
0	0	0	0.00527258	0.000135571	0.000896851	
0	0	0	0.000135571	0.00224309	0.000113501	
0	0	0	0.000896851	0.000113501	0.00667646	
***
>covarianceMatrix:
T
0.00288882	0	0	0	0	0	
0	0.00288882	0	0	0	0	
0	0	0.00288882	0	0	0	
0	0	0	0.00604254	0.000366181	0.00112926	
0	0	0	0.000366181	0.00394196	0.000276623	
0	0	0	0.00112926	0.000276623	0.00954595	
***
>covarianceMatrix:
V
0.00268739	0	0	0	0	0	
0	0.00268739	0	0	0	0	
0	0	0.00268739	0	0	0	
0	0	0	0.00498184	3.16303e-05	0.000293042	
0	0	0	3.16303e-05	0.00314857	0.000175704	
0	0	0	0.000293042	0.000175704	0.00465644	
***
>covarianceMatrix:
Y
0.039935	0	
0	0.0411302	
***
>covarianceMatrix:
Z
0.138015	0	
0	0.138015	
***
