>groupList:
A C D E F G H I K L
N P Q R S T V Y Z 
>stdDevSynthesisRate:
1.238 
>numParam:
40
>numMixtures:
1
>std_stdDevSynthesisRate:
0.1
>std_phi:
***
0.1 0.1 0.1 0.1 0.1 0.1 0.1 0.1 0.1 0.1
0.1 0.1 0.1 0.1 0.1 0.1 0.1 0.1 0.1 0.1
0.1 0.1 0.1 0.1 0.1 0.1 0.1 0.1 0.1 0.1
0.1 0.1 0.1 0.1 0.1 0.1 0.1 0.1 0.1 0.1
0.1 0.1 0.1 0.1 0.1 0.1 0.1 0.1 0.1 0.1
0.1 0.1 0.1 0.1 0.1 0.1 0.1 0.1 0.1 0.1
0.1 0.1 0.1 0.1 0.1 0.1 0.1 0.1 0.1 0.1
0.1 0.1 0.1 0.1 0.1 0.1 0.1 0.1 0.1 0.1
0.1 0.1 0.1 0.1 0.1 0.1 0.1 0.1 0.1 0.1
0.1 0.1 0.1 0.1 0.1 0.1 0.1 0.1 0.1 0.1
0.1 0.1 0.1 0.1 0.1 0.1 0.1 0.1 0.1 0.1
0.1 0.1 0.1 0.1 0.1 0.1 0.1 0.1 0.1 0.1
0.1 0.1 0.1 0.1 0.1 0.1 0.1 0.1 0.1 0.1
0.1 0.1 0.1 0.1 0.1 0.1 0.1 0.1 0.1 0.1
0.1 0.1 0.1 0.1 0.1 0.1 0.1 0.1 0.1 0.1
0.1 0.1 0.1 0.1 0.1 0.1 0.1 0.1 0.1 0.1
0.1 0.1 0.1 0.1 0.1 0.1 0.1 0.1 0.1 0.1
0.1 0.1 0.1 0.1 0.1 0.1 0.1 0.1 0.1 0.1
0.1 0.1 0.1 0.1 0.1 0.1 0.1 0.1 0.1 0.1
0.1 0.1 0.1 0.1 0.1 0.1 0.1 0.1 0.1 0.1
0.1 0.1 0.1 0.1 0.1 0.1 0.1 0.1 0.1 0.1
0.1 0.1 0.1 0.1 0.1 0.1 0.1 0.1 0.1 0.1
0.1 0.1 0.1 0.1 0.1 0.1 0.1 0.1 0.1 0.1
0.1 0.1 0.1 0.1 0.1 0.1 0.1 0.1 0.1 0.1
0.1 0.1 0.1 0.1 0.1 0.1 0.1 0.1 0.1 0.1
0.1 0.1 0.1 0.1 0.1 0.1 0.1 0.1 0.1 0.1
0.1 0.1 0.1 0.1 0.1 0.1 0.1 0.1 0.1 0.1
0.1 0.1 0.1 0.1 0.1 0.1 0.1 0.1 0.1 0.1
0.1 0.1 0.1 0.1 0.1 0.1 0.1 0.1 0.1 0.1
0.1 0.1 0.1 0.1 0.1 0.1 0.1 0.1 0.1 0.1
0.1 0.1 0.1 0.1 0.1 0.1 0.1 0.1 0.1 0.1
0.1 0.1 0.1 0.1 0.1 0.1 0.1 0.1 0.1 0.1
0.1 0.1 0.1 0.1 0.1 0.1 0.1 0.1 0.1 0.1
0.1 0.1 0.1 0.1 0.1 0.1 0.1 0.1 0.1 0.1
0.1 0.1 0.1 0.1 0.1 0.1 0.1 0.1 0.1 0.1
0.1 0.1 0.1 0.1 0.1 0.1 0.1 0.1 0.1 0.1
0.1 0.1 0.1 0.1 0.1 0.1 0.1 0.1 0.1 
>categories:
0 0
>mixtureAssignment:
0 0 0 0 0 0 0 0 0 0 0 0 0 0 0 0 0 0 0 0 0 0 0 0 0 0 0 0 0 0 0 0 0 0 0 0 0 0 0 0 0 0 0 0 0 0 0 0 0 0
0 0 0 0 0 0 0 0 0 0 0 0 0 0 0 0 0 0 0 0 0 0 0 0 0 0 0 0 0 0 0 0 0 0 0 0 0 0 0 0 0 0 0 0 0 0 0 0 0 0
0 0 0 0 0 0 0 0 0 0 0 0 0 0 0 0 0 0 0 0 0 0 0 0 0 0 0 0 0 0 0 0 0 0 0 0 0 0 0 0 0 0 0 0 0 0 0 0 0 0
0 0 0 0 0 0 0 0 0 0 0 0 0 0 0 0 0 0 0 0 0 0 0 0 0 0 0 0 0 0 0 0 0 0 0 0 0 0 0 0 0 0 0 0 0 0 0 0 0 0
0 0 0 0 0 0 0 0 0 0 0 0 0 0 0 0 0 0 0 0 0 0 0 0 0 0 0 0 0 0 0 0 0 0 0 0 0 0 0 0 0 0 0 0 0 0 0 0 0 0
0 0 0 0 0 0 0 0 0 0 0 0 0 0 0 0 0 0 0 0 0 0 0 0 0 0 0 0 0 0 0 0 0 0 0 0 0 0 0 0 0 0 0 0 0 0 0 0 0 0
0 0 0 0 0 0 0 0 0 0 0 0 0 0 0 0 0 0 0 0 0 0 0 0 0 0 0 0 0 0 0 0 0 0 0 0 0 0 0 0 0 0 0 0 0 0 0 0 0 0
0 0 0 0 0 0 0 0 0 0 0 0 0 0 0 0 0 0 0 
>numMutationCategories:
1
>numSelectionCategories:
1
>categoryProbabilities:
1 
>selectionIsInMixture:
***
0 
>mutationIsInMixture:
***
0 
>obsPhiSets:
0
>currentSynthesisRateLevel:
***
2.0554 0.0805135 4.58293 0.341635 2.57141 0.723517 1.0114 0.116843 1.46651 6.15615
1.26439 1.28245 2.10567 1.69335 0.672078 8.18589 0.370679 0.39264 0.461963 11.4288
3.50483 1.00467 1.26588 0.365003 11.0797 0.262976 0.835319 1.3737 1.75479 2.04656
0.249247 2.49388 0.47984 0.421088 0.560201 1.08733 0.334961 1.64435 0.291145 0.217891
1.0271 2.79552 0.995796 2.68203 0.906959 1.0889 0.842863 4.1835 0.431698 7.46856
4.23674 1.77939 0.806985 0.108803 1.17453 1.31999 0.0949556 0.834349 0.238729 0.342248
0.683706 0.670435 0.573425 9.90534 1.7294 2.31629 0.609938 0.130302 0.657128 4.98377
0.176305 0.82923 0.448078 2.44538 10.8716 1.25285 1.05147 2.8494 0.256733 1.29696
0.248349 0.467649 2.86137 0.207086 1.94776 0.828065 0.298307 11.3688 1.61695 2.20942
1.45742 0.422456 0.968473 0.178297 0.80248 0.294169 0.479653 1.88306 0.381561 1.24266
0.151314 0.544466 1.41732 0.206077 2.76024 1.40451 0.670173 4.2956 6.10848 0.183407
0.216671 0.805071 0.662577 0.885413 2.84988 1.37945 0.445575 1.44101 0.261789 0.562304
1.45192 0.476443 1.62902 1.57956 2.57202 0.751198 0.205656 1.09233 0.571007 0.60707
1.13895 0.378622 0.274645 1.34094 1.03149 0.603671 15.7845 0.670055 0.923493 0.699497
1.90956 0.822239 9.87322 8.24896 1.00934 0.677008 0.711406 1.03785 0.116749 1.82103
0.487982 0.275192 1.0079 0.433506 0.837823 0.384478 0.576857 0.510831 0.249293 0.166427
0.510021 8.07389 2.70924 0.850383 1.39086 0.314087 1.7212 1.34644 8.77613 0.715994
0.615464 0.753446 0.735353 0.157646 0.174234 0.553425 0.412968 0.463414 1.08595 8.2157
0.308868 0.508051 0.323945 0.136692 1.00427 1.35945 0.858758 14.6265 2.52825 0.224974
0.970313 0.214367 0.619466 3.70938 4.14016 7.80405 1.43314 1.46338 0.7496 0.219281
3.16598 0.198763 0.451439 0.489147 0.338328 1.24504 1.68513 0.896717 0.267433 0.56359
0.413245 2.89411 0.72307 0.43936 0.744321 8.24446 0.627281 0.546666 0.506642 4.70221
0.210158 0.210515 3.38736 0.199078 0.128295 9.61126 0.267644 0.215772 0.652749 3.45777
0.426409 0.215552 1.01418 0.387797 8.84163 1.83802 1.04381 0.315534 6.0196 2.62083
7.80863 0.206861 0.191846 6.80728 0.257503 1.39554 0.875464 2.06774 0.685459 8.11798
0.485731 0.28204 2.10329 0.393924 0.778072 1.55511 1.37454 0.143891 1.04055 2.16857
0.283072 9.26464 3.57837 2.53737 0.502904 1.5493 0.288678 7.76369 0.281425 0.187865
1.01507 2.39736 7.0168 0.153744 1.60468 0.35707 2.21623 0.273706 0.258562 9.31998
0.274494 0.909154 1.03351 4.66688 0.950643 0.158047 0.672909 1.60097 2.15103 0.307184
0.257064 2.86504 1.2965 1.05052 2.80539 1.92194 0.293543 1.36113 0.398454 3.42497
9.62122 9.9739 1.17937 0.910513 1.99016 0.67351 1.10637 0.813226 0.190218 0.276298
0.200581 11.1411 0.145386 0.645954 1.78194 1.45813 10.0236 1.96676 0.616338 1.72996
1.05498 0.30695 2.08726 0.248411 1.6564 1.37686 7.41634 0.267 1.11906 1.38829
0.903102 7.34643 1.89005 0.828748 0.316504 2.43662 1.33357 0.154159 4.82767 1.26963
3.78043 0.361277 0.447109 3.18109 0.185026 1.9005 0.143359 8.5473 1.00458 4.82965
0.348288 0.171355 1.48172 11.1545 3.17283 0.124955 0.338177 1.70683 0.434425 4.8204
11.1404 1.53053 1.59624 2.02408 2.10192 1.87883 0.235313 1.89961 0.552099 
>noiseOffset:
>observedSynthesisNoise:
>std_NoiseOffset:
>mutation_prior_mean:
***
0 0 0 0 0 0 0 0 0 0
0 0 0 0 0 0 0 0 0 0
0 0 0 0 0 0 0 0 0 0
0 0 0 0 0 0 0 0 0 0
>mutation_prior_sd:
***
0.35 0.35 0.35 0.35 0.35 0.35 0.35 0.35 0.35 0.35
0.35 0.35 0.35 0.35 0.35 0.35 0.35 0.35 0.35 0.35
0.35 0.35 0.35 0.35 0.35 0.35 0.35 0.35 0.35 0.35
0.35 0.35 0.35 0.35 0.35 0.35 0.35 0.35 0.35 0.35
>std_csp:
8114.04 8114.04 8114.04 6.24182e+18 6.24182e+18 6.24182e+18 6.24182e+18 3.17504e+08 3.17504e+08 3.17504e+08
6.24182e+18 1.74198e+18 1.74198e+18 6.24182e+18 0.286654 0.286654 0.286654 0.286654 0.286654 6.24182e+18
234.065 234.065 234.065 6.24182e+18 0.00583667 0.00583667 0.00583667 0.00583667 0.00583667 6.9015e+06
6.9015e+06 6.9015e+06 4.57206e+08 4.57206e+08 4.57206e+08 6.58377e+08 6.58377e+08 6.58377e+08 6.24182e+18 6.24182e+18
>currentMutationParameter:
***
-0.207407 0.441056 0.645644 0.250758 0.722535 -0.661767 0.605098 0.0345033 0.408419 0.715699
0.738052 0.0243036 0.666805 -0.570756 0.450956 1.05956 0.549069 0.409834 -0.196043 0.614633
-0.0635834 0.497277 0.582122 -0.511362 -1.19632 -0.771466 -0.160406 0.476347 0.403494 -0.0784245
0.522261 0.646223 -0.176795 0.540641 0.501026 0.132361 0.717795 0.387088 0.504953 0.368376
>currentSelectionParameter:
***
0.327786 0.0848576 1.35045 -0.00656093 -0.456609 -0.350964 -0.230513 1.12071 0.548117 0.985181
-0.475819 0.881325 -0.0281736 0.161842 0.260724 0.867785 0.602544 0.926285 0.348583 -0.44262
-0.30281 0.618552 0.217506 -0.635691 -0.187995 0.950791 2.85662 -0.123521 2.46303 1.02587
0.0881186 0.488273 0.66887 -0.0903592 0.716998 0.361019 -0.0755122 0.338661 -0.190937 0.504527
>covarianceMatrix:
A
8.26532e-31	0	0	0	0	0	
0	8.26532e-31	0	0	0	0	
0	0	8.26532e-31	0	0	0	
0	0	0	0.0221101	0.000151993	0.00660966	
0	0	0	0.000151993	0.00347372	0.00350463	
0	0	0	0.00660966	0.00350463	0.318779	
***
>covarianceMatrix:
C
5.38349e-39	0	
0	0.0121332	
***
>covarianceMatrix:
D
5.38349e-39	0	
0	0.0194601	
***
>covarianceMatrix:
E
5.38349e-39	0	
0	0.0234808	
***
>covarianceMatrix:
F
5.38349e-39	0	
0	0.0103147	
***
>covarianceMatrix:
G
3.36185e-36	0	0	0	0	0	
0	3.36185e-36	0	0	0	0	
0	0	3.36185e-36	0	0	0	
0	0	0	0.0716432	0.00370196	-0.00547475	
0	0	0	0.00370196	0.0385194	-0.00441925	
0	0	0	-0.00547475	-0.00441925	0.120929	
***
>covarianceMatrix:
H
5.38349e-39	0	
0	0.0328967	
***
>covarianceMatrix:
I
2.50406e-39	0	0	0	
0	2.50406e-39	0	0	
0	0	0.0472945	0.00189872	
0	0	0.00189872	0.00311274	
***
>covarianceMatrix:
K
5.38349e-39	0	
0	0.00535172	
***
>covarianceMatrix:
L
3.47546e-14	0	0	0	0	0	0	0	0	0	
0	3.47546e-14	0	0	0	0	0	0	0	0	
0	0	3.47546e-14	0	0	0	0	0	0	0	
0	0	0	3.47546e-14	0	0	0	0	0	0	
0	0	0	0	3.47546e-14	0	0	0	0	0	
0	0	0	0	0	0.0126001	-0.00798685	0.00139549	0.00718691	0.00227647	
0	0	0	0	0	-0.00798685	0.116785	-0.00548886	-0.00828002	-0.00632602	
0	0	0	0	0	0.00139549	-0.00548886	0.0212921	0.000279284	0.00303011	
0	0	0	0	0	0.00718691	-0.00828002	0.000279284	0.0304785	0.00119905	
0	0	0	0	0	0.00227647	-0.00632602	0.00303011	0.00119905	0.00584908	
***
>covarianceMatrix:
N
5.38349e-39	0	
0	0.0195781	
***
>covarianceMatrix:
P
1.4086e-28	0	0	0	0	0	
0	1.4086e-28	0	0	0	0	
0	0	1.4086e-28	0	0	0	
0	0	0	0.010299	0.000532279	0.0181237	
0	0	0	0.000532279	0.108796	0.0343928	
0	0	0	0.0181237	0.0343928	0.899198	
***
>covarianceMatrix:
Q
5.38349e-39	0	
0	0.0306233	
***
>covarianceMatrix:
R
2.0275e-23	0	0	0	0	0	0	0	0	0	
0	2.0275e-23	0	0	0	0	0	0	0	0	
0	0	2.0275e-23	0	0	0	0	0	0	0	
0	0	0	2.0275e-23	0	0	0	0	0	0	
0	0	0	0	2.0275e-23	0	0	0	0	0	
0	0	0	0	0	0.00977223	0.0105627	0.0179066	0.00830493	-0.00757641	
0	0	0	0	0	0.0105627	0.0372267	0.0245308	0.00634012	-0.0383647	
0	0	0	0	0	0.0179066	0.0245308	0.178827	0.025662	-0.0239194	
0	0	0	0	0	0.00830493	0.00634012	0.025662	0.0479659	-0.000894402	
0	0	0	0	0	-0.00757641	-0.0383647	-0.0239194	-0.000894402	0.17658	
***
>covarianceMatrix:
S
1.56626e-36	0	0	0	0	0	
0	1.56626e-36	0	0	0	0	
0	0	1.56626e-36	0	0	0	
0	0	0	0.0428563	0.000908609	0.00199468	
0	0	0	0.000908609	0.0035473	0.00325136	
0	0	0	0.00199468	0.00325136	0.0709901	
***
>covarianceMatrix:
T
8.1943e-40	0	0	0	0	0	
0	8.1943e-40	0	0	0	0	
0	0	8.1943e-40	0	0	0	
0	0	0	0.0273824	-0.000132072	-0.00145654	
0	0	0	-0.000132072	0.00236806	-0.000535096	
0	0	0	-0.00145654	-0.000535096	0.0304491	
***
>covarianceMatrix:
V
1.17998e-39	0	0	0	0	0	
0	1.17998e-39	0	0	0	0	
0	0	1.17998e-39	0	0	0	
0	0	0	0.0129619	0.000973289	0.00263665	
0	0	0	0.000973289	0.00133639	0.000561747	
0	0	0	0.00263665	0.000561747	0.0104712	
***
>covarianceMatrix:
Y
5.38349e-39	0	
0	0.00870993	
***
>covarianceMatrix:
Z
5.38349e-39	0	
0	0.214174	
***
