>groupList:
A C D E F G H I K L
N P Q R S T V Y Z 
>stdDevSynthesisRate:
1.238 
>numParam:
40
>numMixtures:
1
>std_stdDevSynthesisRate:
0.1
>std_phi:
***
0.1 0.1 0.1 0.1 0.1 0.1 0.1 0.1 0.1 0.1
0.1 0.1 0.1 0.1 0.1 0.1 0.1 0.1 0.1 0.1
0.1 0.1 0.1 0.1 0.1 0.1 0.1 0.1 0.1 0.1
0.1 0.1 0.1 0.1 0.1 0.1 0.1 0.1 0.1 0.1
0.1 0.1 0.1 0.1 0.1 0.1 0.1 0.1 0.1 0.1
0.1 0.1 0.1 0.1 0.1 0.1 0.1 0.1 0.1 0.1
0.1 0.1 0.1 0.1 0.1 0.1 0.1 0.1 0.1 0.1
0.1 0.1 0.1 0.1 0.1 0.1 0.1 0.1 0.1 0.1
0.1 0.1 0.1 0.1 0.1 0.1 0.1 0.1 0.1 0.1
0.1 0.1 0.1 0.1 0.1 0.1 0.1 0.1 0.1 0.1
0.1 0.1 0.1 0.1 0.1 0.1 0.1 0.1 0.1 0.1
0.1 0.1 0.1 0.1 0.1 0.1 0.1 0.1 0.1 0.1
0.1 0.1 0.1 0.1 0.1 0.1 0.1 0.1 0.1 0.1
0.1 0.1 0.1 0.1 0.1 0.1 0.1 0.1 0.1 0.1
0.1 0.1 0.1 0.1 0.1 0.1 0.1 0.1 0.1 0.1
0.1 0.1 0.1 0.1 0.1 0.1 0.1 0.1 0.1 0.1
0.1 0.1 0.1 0.1 0.1 0.1 0.1 0.1 0.1 0.1
0.1 0.1 0.1 0.1 0.1 0.1 0.1 0.1 0.1 0.1
0.1 0.1 0.1 0.1 0.1 0.1 0.1 0.1 0.1 0.1
0.1 0.1 0.1 0.1 0.1 0.1 0.1 0.1 0.1 0.1
0.1 0.1 0.1 0.1 0.1 0.1 0.1 0.1 0.1 0.1
0.1 0.1 0.1 0.1 0.1 0.1 0.1 0.1 0.1 0.1
0.1 0.1 0.1 0.1 0.1 0.1 0.1 0.1 0.1 0.1
0.1 0.1 0.1 0.1 0.1 0.1 0.1 0.1 0.1 0.1
0.1 0.1 0.1 0.1 0.1 0.1 0.1 0.1 0.1 0.1
0.1 0.1 0.1 0.1 0.1 0.1 0.1 0.1 0.1 0.1
0.1 0.1 0.1 0.1 0.1 0.1 0.1 0.1 0.1 0.1
0.1 0.1 0.1 0.1 0.1 0.1 0.1 0.1 0.1 0.1
0.1 0.1 0.1 0.1 0.1 0.1 0.1 0.1 0.1 0.1
0.1 0.1 0.1 0.1 0.1 0.1 0.1 0.1 0.1 0.1
0.1 0.1 0.1 0.1 0.1 0.1 0.1 0.1 0.1 0.1
0.1 0.1 0.1 0.1 0.1 0.1 0.1 0.1 0.1 0.1
0.1 0.1 0.1 0.1 0.1 0.1 0.1 0.1 0.1 0.1
0.1 0.1 0.1 0.1 0.1 0.1 0.1 0.1 0.1 0.1
0.1 0.1 0.1 0.1 0.1 0.1 0.1 0.1 0.1 0.1
0.1 0.1 0.1 0.1 0.1 0.1 0.1 0.1 0.1 0.1
0.1 0.1 0.1 0.1 0.1 0.1 0.1 0.1 0.1 0.1
0.1 0.1 0.1 0.1 0.1 0.1 0.1 0.1 0.1 0.1
0.1 0.1 0.1 0.1 0.1 0.1 0.1 0.1 0.1 0.1
0.1 0.1 0.1 0.1 0.1 0.1 0.1 0.1 0.1 0.1
0.1 0.1 0.1 0.1 0.1 0.1 0.1 0.1 0.1 0.1
0.1 0.1 0.1 0.1 0.1 0.1 0.1 0.1 0.1 0.1
0.1 0.1 0.1 0.1 0.1 0.1 0.1 0.1 0.1 0.1
0.1 0.1 0.1 0.1 0.1 0.1 0.1 0.1 0.1 0.1
0.1 0.1 0.1 0.1 0.1 0.1 0.1 0.1 0.1 0.1
0.1 0.1 0.1 0.1 0.1 0.1 0.1 0.1 0.1 0.1
0.1 0.1 0.1 0.1 0.1 0.1 0.1 0.1 0.1 0.1
0.1 0.1 0.1 0.1 0.1 0.1 0.1 0.1 0.1 0.1
0.1 0.1 0.1 0.1 0.1 0.1 0.1 0.1 0.1 0.1
0.1 0.1 0.1 0.1 0.1 0.1 0.1 0.1 0.1 0.1
0.1 0.1 0.1 0.1 0.1 0.1 0.1 0.1 0.1 0.1
0.1 0.1 0.1 0.1 0.1 0.1 0.1 0.1 0.1 0.1
0.1 0.1 0.1 0.1 0.1 0.1 0.1 0.1 0.1 0.1
0.1 0.1 0.1 0.1 0.1 0.1 0.1 0.1 0.1 0.1
0.1 0.1 0.1 0.1 0.1 0.1 0.1 0.1 0.1 0.1
0.1 
>categories:
0 0
>mixtureAssignment:
0 0 0 0 0 0 0 0 0 0 0 0 0 0 0 0 0 0 0 0 0 0 0 0 0 0 0 0 0 0 0 0 0 0 0 0 0 0 0 0 0 0 0 0 0 0 0 0 0 0
0 0 0 0 0 0 0 0 0 0 0 0 0 0 0 0 0 0 0 0 0 0 0 0 0 0 0 0 0 0 0 0 0 0 0 0 0 0 0 0 0 0 0 0 0 0 0 0 0 0
0 0 0 0 0 0 0 0 0 0 0 0 0 0 0 0 0 0 0 0 0 0 0 0 0 0 0 0 0 0 0 0 0 0 0 0 0 0 0 0 0 0 0 0 0 0 0 0 0 0
0 0 0 0 0 0 0 0 0 0 0 0 0 0 0 0 0 0 0 0 0 0 0 0 0 0 0 0 0 0 0 0 0 0 0 0 0 0 0 0 0 0 0 0 0 0 0 0 0 0
0 0 0 0 0 0 0 0 0 0 0 0 0 0 0 0 0 0 0 0 0 0 0 0 0 0 0 0 0 0 0 0 0 0 0 0 0 0 0 0 0 0 0 0 0 0 0 0 0 0
0 0 0 0 0 0 0 0 0 0 0 0 0 0 0 0 0 0 0 0 0 0 0 0 0 0 0 0 0 0 0 0 0 0 0 0 0 0 0 0 0 0 0 0 0 0 0 0 0 0
0 0 0 0 0 0 0 0 0 0 0 0 0 0 0 0 0 0 0 0 0 0 0 0 0 0 0 0 0 0 0 0 0 0 0 0 0 0 0 0 0 0 0 0 0 0 0 0 0 0
0 0 0 0 0 0 0 0 0 0 0 0 0 0 0 0 0 0 0 0 0 0 0 0 0 0 0 0 0 0 0 0 0 0 0 0 0 0 0 0 0 0 0 0 0 0 0 0 0 0
0 0 0 0 0 0 0 0 0 0 0 0 0 0 0 0 0 0 0 0 0 0 0 0 0 0 0 0 0 0 0 0 0 0 0 0 0 0 0 0 0 0 0 0 0 0 0 0 0 0
0 0 0 0 0 0 0 0 0 0 0 0 0 0 0 0 0 0 0 0 0 0 0 0 0 0 0 0 0 0 0 0 0 0 0 0 0 0 0 0 0 0 0 0 0 0 0 0 0 0
0 0 0 0 0 0 0 0 0 0 0 0 0 0 0 0 0 0 0 0 0 0 0 0 0 0 0 0 0 0 0 0 0 0 0 0 0 0 0 0 0 0 0 0 0 0 0 0 0 0
0 
>numMutationCategories:
1
>numSelectionCategories:
1
>categoryProbabilities:
1 
>selectionIsInMixture:
***
0 
>mutationIsInMixture:
***
0 
>obsPhiSets:
0
>currentSynthesisRateLevel:
***
2.0554 14.3726 0.375156 0.65537 0.0805135 4.23226 1.71206 4.58293 0.723041 0.239242
11.1375 6.42316 0.247509 8.62154 0.341635 2.57141 1.42988 5.22655 1.0114 0.633312
0.253862 0.116843 6.15615 1.26439 1.28245 10.7561 2.10567 0.672078 8.18589 0.52209
0.12163 3.09376 1.33894 0.669011 0.39264 0.461963 0.237547 0.325209 0.398113 2.7186
1.35356 0.130642 1.90706 0.459177 0.264706 0.991831 0.159373 0.262976 0.150402 1.10488
0.835319 0.279028 0.337834 2.24372 1.75479 4.05324 0.448076 0.249247 0.758455 10.929
0.47984 3.62364 0.560201 0.365858 0.293298 0.132274 5.32052 0.756859 0.177957 1.50111
0.981558 0.334961 0.877651 1.64435 0.291145 0.217891 1.0271 2.79552 0.217637 0.661443
0.995796 1.0889 0.369591 0.466994 1.2082 0.177562 0.842863 1.03028 0.431698 11.2679
7.46856 3.14037 10.2553 9.45145 0.31719 3.09748 3.138 1.77939 0.312722 0.678294
1.26917 1.17453 1.25833 1.10382 1.93612 4.84555 1.78343 0.172981 0.908871 0.0949556
0.834349 0.342248 0.924722 1.98839 0.683706 0.164934 0.670435 0.885996 0.44024 2.33847
2.69497 1.03539 0.43836 0.19597 9.90534 1.7294 2.31629 0.119662 0.130302 0.176305
0.125491 0.343166 1.4769 0.82923 0.408088 1.02121 0.307899 1.25285 6.17463 1.18227
0.840313 0.553295 0.248349 0.467649 0.627379 1.94776 2.71841 0.742249 1.0532 7.83432
6.56725 1.45742 0.0738037 0.178297 0.80248 4.43534 0.539285 0.294169 3.23017 5.56481
7.91939 1.26 2.20481 0.477769 1.88306 0.381561 5.77425 1.40755 1.24266 0.151314
0.544466 1.41732 0.206077 2.76024 4.2956 0.183407 0.216671 1.23863 0.555126 0.407876
0.805071 2.28107 0.885413 2.84988 0.699864 1.37945 0.445575 0.248768 8.97598 1.44101
1.60108 1.45192 0.476443 1.39422 1.62902 1.57956 0.751198 1.70962 1.01297 0.235276
0.232455 0.454485 0.60707 0.560035 0.827104 1.13895 0.385261 0.161575 1.98461 0.274645
1.34094 7.96138 0.188693 4.88165 2.61777 0.992492 15.7845 0.670055 0.135817 0.592877
3.46968 1.39726 0.699497 1.90956 1.11246 12.1761 1.97341 10.948 0.0861637 4.79677
1.91123 0.677008 1.46145 1.82103 1.60023 0.275192 0.837823 0.453658 0.200021 0.576857
0.510831 0.350398 14.5213 6.23155 0.850383 0.158607 1.05329 5.94158 0.136459 1.7212
0.999777 1.34637 1.09263 1.34644 0.209685 7.26277 0.615464 0.684492 0.753446 0.735353
0.157646 0.948564 0.488207 0.735276 1.57824 0.342085 1.08595 0.894254 0.15838 0.308868
1.32281 0.323945 0.136692 0.620655 0.386499 2.74683 1.1507 0.156607 1.41629 1.35945
5.20417 1.74435 0.30833 0.800783 1.40975 0.858758 0.870283 14.6265 2.52825 0.677767
0.224974 0.313529 0.320632 3.0781 0.970313 0.214367 1.46154 0.953614 2.25961 3.70938
10.5522 4.14016 5.31728 1.46338 0.751069 0.7496 0.219281 3.16598 0.198763 1.81707
0.665541 1.61701 0.39847 0.350279 1.24504 0.507622 0.979468 1.68513 1.71804 0.56359
0.413245 2.89411 0.509952 1.58754 2.17163 0.354621 0.72307 0.43936 0.763586 0.599421
1.35992 0.744321 0.231192 1.23897 1.35163 0.546666 1.28686 0.506642 0.585112 0.268595
11.0168 0.210158 2.48959 3.38736 0.227493 0.199078 0.718821 0.128295 1.8272 9.61126
13.9329 0.145506 0.238399 0.737357 0.267644 0.698093 0.426409 1.21521 0.387797 0.390754
0.343764 8.84163 0.940851 1.83802 1.04381 0.359495 0.884143 6.0196 0.240905 3.03008
0.208667 0.377579 1.34672 0.321659 0.27127 0.214937 6.36465 0.230256 0.187978 6.80728
1.75302 0.257503 1.39554 0.685459 2.29842 7.7851 8.11798 0.485731 0.28204 0.155623
0.572782 0.922141 2.10329 0.393924 0.345151 1.19416 0.603075 0.778072 1.58606 1.55511
0.0990223 2.34437 1.37454 0.148727 2.16857 0.283072 2.2529 0.190896 3.57837 0.225631
0.240538 0.186111 0.502904 0.288678 0.730573 0.276256 0.16718 2.12807 0.281425 0.431377
0.187865 0.163888 0.403059 1.08727 2.42361 1.01507 2.39736 5.18397 0.392072 0.5619
0.726648 0.153744 0.582996 0.282392 1.60468 0.35707 2.21623 1.49398 0.258562 1.00055
0.424545 0.361206 1.79278 0.230213 0.672909 1.80981 1.32614 1.60097 1.52313 0.602243
1.37077 0.307184 0.257064 2.86504 0.348875 1.2965 2.80539 1.92194 1.71551 0.200233
0.360868 3.42497 7.88955 2.27105 0.832855 9.9739 0.170475 1.17937 0.910513 0.67351
1.10637 0.190218 0.100306 0.276298 0.200581 2.63349 0.145386 1.78194 0.432954 1.45813
10.0236 1.96676 0.616338 0.542911 1.72996 2.08726 0.945836 0.248411 0.99442 1.6564
1.37686 0.267 0.835061 0.766559 1.11906 1.38829 0.94462 2.4973 0.278192 0.158147
1.89005 2.2566 2.43662 10.6173 0.74173 2.17405 4.82767 3.78043 0.267161 0.361277
1.35086 3.18109 0.247963 0.185026 1.9005 4.82965 0.348288 0.171355 3.14877 1.48172
4.80749 0.681894 3.17283 0.35144 0.124955 0.18567 0.338177 1.70683 2.57153 1.15998
0.434425 0.260682 4.8204 1.25105 0.456923 1.30987 1.29728 0.749275 4.74766 0.279032
0.312548 1.59624 9.64198 2.02408 0.377593 0.533201 0.967672 0.509362 0.124565 1.87883
0.715381 
>noiseOffset:
>observedSynthesisNoise:
>std_NoiseOffset:
>mutation_prior_mean:
***
0 0 0 0 0 0 0 0 0 0
0 0 0 0 0 0 0 0 0 0
0 0 0 0 0 0 0 0 0 0
0 0 0 0 0 0 0 0 0 0
>mutation_prior_sd:
***
0.35 0.35 0.35 0.35 0.35 0.35 0.35 0.35 0.35 0.35
0.35 0.35 0.35 0.35 0.35 0.35 0.35 0.35 0.35 0.35
0.35 0.35 0.35 0.35 0.35 0.35 0.35 0.35 0.35 0.35
0.35 0.35 0.35 0.35 0.35 0.35 0.35 0.35 0.35 0.35
>std_csp:
2.70558e+38 2.70558e+38 2.70558e+38 1.51791e+78 1.51791e+78 1.51791e+78 1.51791e+78 5.00219e+39 5.00219e+39 5.00219e+39
1.51791e+78 1.10497e+76 1.10497e+76 1.51791e+78 2.55584 2.55584 2.55584 2.55584 2.55584 1.51791e+78
1.76699e+29 1.76699e+29 1.76699e+29 1.51791e+78 0.000452099 0.000452099 0.000452099 0.000452099 0.000452099 1.31289e+30
1.31289e+30 1.31289e+30 8.23149e+20 8.23149e+20 8.23149e+20 2.83615e+36 2.83615e+36 2.83615e+36 1.51791e+78 1.51791e+78
>currentMutationParameter:
***
-0.207407 0.441056 0.645644 0.250758 0.722535 -0.661767 0.605098 0.0345033 0.408419 0.715699
0.738052 0.0243036 0.666805 -0.570756 0.450956 1.05956 0.549069 0.409834 -0.196043 0.614633
-0.0635834 0.497277 0.582122 -0.511362 -1.19632 -0.771466 -0.160406 0.476347 0.403494 -0.0784245
0.522261 0.646223 -0.176795 0.540641 0.501026 0.132361 0.717795 0.387088 0.504953 0.368376
>currentSelectionParameter:
***
0.535802 0.0412279 0.547303 0.518575 -0.112464 -0.271489 -0.349404 0.896523 0.428242 0.32655
-0.22694 0.520959 -0.123403 0.384466 0.229633 2.07195 0.687449 0.60134 0.340033 -0.273205
-0.0932821 0.637205 0.829076 -0.238178 -0.0154856 0.466981 1.41777 1.76069 1.51873 0.30875
-0.0890453 0.483235 0.350073 -0.106766 1.46444 0.610964 -0.0496043 0.306791 -0.141445 0.0116524
>covarianceMatrix:
A
3.07138e-156	0	0	0	0	0	
0	3.07138e-156	0	0	0	0	
0	0	3.07138e-156	0	0	0	
0	0	0	0.0122866	0.00079795	0.00193011	
0	0	0	0.00079795	0.00193688	0.00179972	
0	0	0	0.00193011	0.00179972	0.0241462	
***
>covarianceMatrix:
C
5.37572e-146	0	
0	0.0295675	
***
>covarianceMatrix:
D
5.37572e-146	0	
0	0.00357406	
***
>covarianceMatrix:
E
5.37572e-146	0	
0	0.0103023	
***
>covarianceMatrix:
F
5.37572e-146	0	
0	0.00843958	
***
>covarianceMatrix:
G
4.38157e-154	0	0	0	0	0	
0	4.38157e-154	0	0	0	0	
0	0	4.38157e-154	0	0	0	
0	0	0	0.0396848	0.00932773	0.00254909	
0	0	0	0.00932773	0.0326079	0.00594398	
0	0	0	0.00254909	0.00594398	0.0757712	
***
>covarianceMatrix:
H
5.37572e-146	0	
0	0.026892	
***
>covarianceMatrix:
I
3.9133e-148	0	0	0	
0	3.9133e-148	0	0	
0	0	0.0272581	0.0014014	
0	0	0.0014014	0.00322324	
***
>covarianceMatrix:
K
5.37572e-146	0	
0	0.00521002	
***
>covarianceMatrix:
L
7.81382e-54	0	0	0	0	0	0	0	0	0	
0	7.81382e-54	0	0	0	0	0	0	0	0	
0	0	7.81382e-54	0	0	0	0	0	0	0	
0	0	0	7.81382e-54	0	0	0	0	0	0	
0	0	0	0	7.81382e-54	0	0	0	0	0	
0	0	0	0	0	0.0034277	-0.00421851	0.00123489	0.000415545	0.000515203	
0	0	0	0	0	-0.00421851	0.117834	0.00301093	0.00311062	0.0021334	
0	0	0	0	0	0.00123489	0.00301093	0.0113115	-0.00194145	0.000991287	
0	0	0	0	0	0.000415545	0.00311062	-0.00194145	0.0166105	0.00188956	
0	0	0	0	0	0.000515203	0.0021334	0.000991287	0.00188956	0.00286746	
***
>covarianceMatrix:
N
5.37572e-146	0	
0	0.020005	
***
>covarianceMatrix:
P
1.8139e-139	0	0	0	0	0	
0	1.8139e-139	0	0	0	0	
0	0	1.8139e-139	0	0	0	
0	0	0	0.00867471	0.00328539	0.000216001	
0	0	0	0.00328539	0.0484059	-0.00413182	
0	0	0	0.000216001	-0.00413182	0.0582055	
***
>covarianceMatrix:
Q
5.37572e-146	0	
0	0.00819307	
***
>covarianceMatrix:
R
1.14344e-74	0	0	0	0	0	0	0	0	0	
0	1.14344e-74	0	0	0	0	0	0	0	0	
0	0	1.14344e-74	0	0	0	0	0	0	0	
0	0	0	1.14344e-74	0	0	0	0	0	0	
0	0	0	0	1.14344e-74	0	0	0	0	0	
0	0	0	0	0	0.00313094	0.00239052	0.00491363	0.00426194	0.00328389	
0	0	0	0	0	0.00239052	0.0138093	0.0091141	0.00980372	-0.00640169	
0	0	0	0	0	0.00491363	0.0091141	0.268819	-0.0091705	-0.136651	
0	0	0	0	0	0.00426194	0.00980372	-0.0091705	0.108377	0.00537097	
0	0	0	0	0	0.00328389	-0.00640169	-0.136651	0.00537097	0.17866	
***
>covarianceMatrix:
S
6.19145e-136	0	0	0	0	0	
0	6.19145e-136	0	0	0	0	
0	0	6.19145e-136	0	0	0	
0	0	0	0.00682417	0.000545293	0.00386208	
0	0	0	0.000545293	0.00147988	-0.00170858	
0	0	0	0.00386208	-0.00170858	0.0590027	
***
>covarianceMatrix:
T
3.37705e-109	0	0	0	0	0	
0	3.37705e-109	0	0	0	0	
0	0	3.37705e-109	0	0	0	
0	0	0	0.00983983	0.00151337	0.00194015	
0	0	0	0.00151337	0.00344743	0.00480989	
0	0	0	0.00194015	0.00480989	0.157236	
***
>covarianceMatrix:
V
4.01423e-149	0	0	0	0	0	
0	4.01423e-149	0	0	0	0	
0	0	4.01423e-149	0	0	0	
0	0	0	0.0319691	0.000600989	0.00588335	
0	0	0	0.000600989	0.00233536	3.04457e-05	
0	0	0	0.00588335	3.04457e-05	0.0406955	
***
>covarianceMatrix:
Y
5.37572e-146	0	
0	0.00848255	
***
>covarianceMatrix:
Z
5.37572e-146	0	
0	0.0741204	
***
