>groupList:
A C D E F G H I K L
N P Q R S T V Y Z 
>stdDevSynthesisRate:
1.238 
>numParam:
40
>numMixtures:
1
>std_stdDevSynthesisRate:
0.1
>std_phi:
***
0.1 0.1 0.1 0.1 0.1 0.1 0.1 0.1 0.1 0.1
0.1 0.1 0.1 0.1 0.1 0.1 0.1 0.1 0.1 0.1
0.1 0.1 0.1 0.1 0.1 0.1 0.1 0.1 0.1 0.1
0.1 0.1 0.1 0.1 0.1 0.1 0.1 0.1 0.1 0.1
0.1 0.1 0.1 0.1 0.1 0.1 0.1 0.1 0.1 0.1
0.1 0.1 0.1 0.1 0.1 0.1 0.1 0.1 0.1 0.1
0.1 0.1 0.1 0.1 0.1 0.1 0.1 0.1 0.1 0.1
0.1 0.1 0.1 0.1 0.1 0.1 0.1 0.1 0.1 0.1
0.1 0.1 0.1 0.1 0.1 0.1 0.1 0.1 0.1 0.1
0.1 0.1 0.1 0.1 0.1 0.1 0.1 0.1 0.1 0.1
0.1 0.1 0.1 0.1 0.1 0.1 0.1 0.1 0.1 0.1
0.1 0.1 0.1 0.1 0.1 0.1 0.1 0.1 0.1 0.1
0.1 0.1 0.1 0.1 0.1 0.1 0.1 0.1 0.1 0.1
0.1 0.1 0.1 0.1 0.1 0.1 0.1 0.1 0.1 0.1
0.1 0.1 0.1 0.1 0.1 0.1 0.1 0.1 0.1 0.1
0.1 0.1 0.1 0.1 0.1 0.1 0.1 0.1 0.1 0.1
0.1 0.1 0.1 0.1 0.1 0.1 0.1 0.1 0.1 0.1
0.1 0.1 0.1 0.1 0.1 0.1 0.1 0.1 0.1 0.1
0.1 0.1 0.1 0.1 0.1 0.1 0.1 0.1 0.1 0.1
0.1 0.1 0.1 0.1 0.1 0.1 0.1 0.1 0.1 0.1
0.1 0.1 0.1 0.1 0.1 0.1 0.1 0.1 0.1 0.1
0.1 0.1 0.1 0.1 0.1 0.1 0.1 0.1 0.1 0.1
0.1 0.1 0.1 0.1 0.1 0.1 0.1 0.1 0.1 0.1
0.1 0.1 0.1 0.1 0.1 0.1 0.1 0.1 0.1 0.1
0.1 0.1 0.1 0.1 0.1 0.1 0.1 0.1 0.1 0.1
0.1 0.1 0.1 0.1 
>categories:
0 0
>mixtureAssignment:
0 0 0 0 0 0 0 0 0 0 0 0 0 0 0 0 0 0 0 0 0 0 0 0 0 0 0 0 0 0 0 0 0 0 0 0 0 0 0 0 0 0 0 0 0 0 0 0 0 0
0 0 0 0 0 0 0 0 0 0 0 0 0 0 0 0 0 0 0 0 0 0 0 0 0 0 0 0 0 0 0 0 0 0 0 0 0 0 0 0 0 0 0 0 0 0 0 0 0 0
0 0 0 0 0 0 0 0 0 0 0 0 0 0 0 0 0 0 0 0 0 0 0 0 0 0 0 0 0 0 0 0 0 0 0 0 0 0 0 0 0 0 0 0 0 0 0 0 0 0
0 0 0 0 0 0 0 0 0 0 0 0 0 0 0 0 0 0 0 0 0 0 0 0 0 0 0 0 0 0 0 0 0 0 0 0 0 0 0 0 0 0 0 0 0 0 0 0 0 0
0 0 0 0 0 0 0 0 0 0 0 0 0 0 0 0 0 0 0 0 0 0 0 0 0 0 0 0 0 0 0 0 0 0 0 0 0 0 0 0 0 0 0 0 0 0 0 0 0 0
0 0 0 0 
>numMutationCategories:
1
>numSelectionCategories:
1
>categoryProbabilities:
1 
>selectionIsInMixture:
***
0 
>mutationIsInMixture:
***
0 
>obsPhiSets:
0
>currentSynthesisRateLevel:
***
0.0805135 0.341635 1.0114 6.15615 1.26439 1.28245 2.10567 1.69335 0.672078 8.18589
0.370679 2.76335 0.39264 11.4288 3.50483 0.365003 0.835319 1.3737 0.249247 2.49388
1.08733 0.334961 0.291145 1.0271 2.68203 0.906959 1.0889 0.842863 4.1835 0.431698
7.46856 4.23674 0.434831 1.77939 1.17453 1.31999 0.0949556 0.834349 0.342248 0.683706
0.670435 0.573425 9.90534 1.7294 2.31629 0.609938 0.130302 0.657128 0.82923 0.448078
10.8716 1.25285 1.05147 2.8494 0.256733 2.86137 0.207086 1.94776 0.828065 0.298307
2.20942 1.45742 0.422456 0.968473 0.178297 0.80248 0.294169 0.479653 1.88306 0.381561
1.24266 0.151314 1.41732 0.206077 2.76024 6.10848 0.183407 0.216671 0.805071 0.662577
0.885413 0.445575 0.261789 0.476443 1.09828 0.751198 1.09233 0.571007 0.378622 0.274645
1.34094 0.603671 15.7845 0.670055 0.923493 0.699497 1.90956 9.87322 1.00934 0.677008
0.711406 1.03785 0.116749 1.82103 0.275192 1.0079 0.433506 0.837823 0.384478 0.510831
0.166427 0.510021 8.07389 2.70924 0.850383 1.39086 1.7212 1.34644 0.615464 0.753446
0.735353 0.157646 0.412968 1.08595 0.308868 0.323945 0.136692 1.00427 1.35945 0.858758
14.6265 2.52825 0.970313 0.214367 0.619466 3.70938 4.14016 7.80405 1.43314 0.7496
0.219281 3.16598 1.24504 0.267433 0.56359 0.413245 2.89411 0.72307 0.43936 0.546666
0.506642 4.70221 0.210158 0.210515 3.38736 0.199078 9.61126 0.267644 0.652749 3.45777
0.426409 0.215552 1.01418 8.84163 1.83802 1.04381 0.315534 6.0196 2.62083 7.80863
0.206861 0.191846 6.80728 1.39554 0.875464 2.06774 8.11798 0.28204 2.10329 0.778072
1.55511 0.143891 1.04055 2.16857 0.283072 9.26464 3.57837 0.502904 1.5493 0.288678
7.76369 2.9656 0.281425 0.187865 2.39736 0.35707 2.21623 0.273706 0.258562 0.274494
0.909154 4.66688 0.158047 0.672909 1.60097 0.307184 0.257064 2.86504 2.80539 1.92194
0.293543 3.42497 9.9739 1.99016 0.67351 1.10637 0.190218 11.1411 0.645954 10.0236
1.72996 0.30695 0.248411 1.6564 1.37686 7.41634 0.267 1.11906 7.34643 0.828748
0.316504 2.43662 0.154159 1.26963 3.78043 0.361277 3.18109 1.9005 0.143359 8.5473
4.82965 1.48172 3.17283 0.338177 1.70683 0.434425 4.8204 11.1404 1.59624 2.02408
1.87883 0.235313 1.89961 0.552099 
>noiseOffset:
>observedSynthesisNoise:
>std_NoiseOffset:
>mutation_prior_mean:
***
0 0 0 0 0 0 0 0 0 0
0 0 0 0 0 0 0 0 0 0
0 0 0 0 0 0 0 0 0 0
0 0 0 0 0 0 0 0 0 0
>mutation_prior_sd:
***
0.35 0.35 0.35 0.35 0.35 0.35 0.35 0.35 0.35 0.35
0.35 0.35 0.35 0.35 0.35 0.35 0.35 0.35 0.35 0.35
0.35 0.35 0.35 0.35 0.35 0.35 0.35 0.35 0.35 0.35
0.35 0.35 0.35 0.35 0.35 0.35 0.35 0.35 0.35 0.35
>std_csp:
1.60805e+33 1.60805e+33 1.60805e+33 1.51791e+78 1.51791e+78 1.51791e+78 1.51791e+78 4.77192e+41 4.77192e+41 4.77192e+41
1.51791e+78 1.10497e+76 1.10497e+76 1.51791e+78 2.4536 2.4536 2.4536 2.4536 2.4536 1.51791e+78
2.50846e+18 2.50846e+18 2.50846e+18 1.51791e+78 0.00388041 0.00388041 0.00388041 0.00388041 0.00388041 1.96956e+36
1.96956e+36 1.96956e+36 2.97303e+34 2.97303e+34 2.97303e+34 2.58102e+40 2.58102e+40 2.58102e+40 1.51791e+78 1.51791e+78
>currentMutationParameter:
***
-0.207407 0.441056 0.645644 0.250758 0.722535 -0.661767 0.605098 0.0345033 0.408419 0.715699
0.738052 0.0243036 0.666805 -0.570756 0.450956 1.05956 0.549069 0.409834 -0.196043 0.614633
-0.0635834 0.497277 0.582122 -0.511362 -1.19632 -0.771466 -0.160406 0.476347 0.403494 -0.0784245
0.522261 0.646223 -0.176795 0.540641 0.501026 0.132361 0.717795 0.387088 0.504953 0.368376
>currentSelectionParameter:
***
0.414833 0.137111 0.658846 0.200094 -0.210968 -0.52628 -0.356462 0.858854 0.431055 0.784528
-0.262742 0.678445 -0.0638303 0.262032 0.359187 0.887258 0.817121 0.509894 0.250698 -0.197358
-0.129465 0.0622015 0.697536 -0.534029 -0.183738 0.575544 1.71439 0.377291 3.74239 0.347304
-0.0620196 0.465835 0.523298 -0.0599948 0.748916 0.506086 -0.0602616 0.323594 -0.293296 0.16805
>covarianceMatrix:
A
7.82181e-141	0	0	0	0	0	
0	7.82181e-141	0	0	0	0	
0	0	7.82181e-141	0	0	0	
0	0	0	0.0147458	0.00117355	0.00348237	
0	0	0	0.00117355	0.00371515	0.00408412	
0	0	0	0.00348237	0.00408412	0.0610332	
***
>covarianceMatrix:
C
5.37572e-146	0	
0	0.00890599	
***
>covarianceMatrix:
D
5.37572e-146	0	
0	0.00254463	
***
>covarianceMatrix:
E
5.37572e-146	0	
0	0.0140993	
***
>covarianceMatrix:
F
5.37572e-146	0	
0	0.00443412	
***
>covarianceMatrix:
G
7.13006e-158	0	0	0	0	0	
0	7.13006e-158	0	0	0	0	
0	0	7.13006e-158	0	0	0	
0	0	0	0.0329125	0.00165511	0.00545985	
0	0	0	0.00165511	0.0106452	0.00462931	
0	0	0	0.00545985	0.00462931	0.0458933	
***
>covarianceMatrix:
H
5.37572e-146	0	
0	0.0041387	
***
>covarianceMatrix:
I
1.08703e-147	0	0	0	
0	1.08703e-147	0	0	
0	0	0.0182262	-0.000393405	
0	0	-0.000393405	0.00139673	
***
>covarianceMatrix:
K
5.37572e-146	0	
0	0.00191904	
***
>covarianceMatrix:
L
4.50078e-54	0	0	0	0	0	0	0	0	0	
0	4.50078e-54	0	0	0	0	0	0	0	0	
0	0	4.50078e-54	0	0	0	0	0	0	0	
0	0	0	4.50078e-54	0	0	0	0	0	0	
0	0	0	0	4.50078e-54	0	0	0	0	0	
0	0	0	0	0	0.00484009	0.00283937	0.0001464	-0.000219622	0.000534746	
0	0	0	0	0	0.00283937	0.060099	-0.00181443	-0.00087748	-0.000480057	
0	0	0	0	0	0.0001464	-0.00181443	0.0135	0.00157985	-0.000811516	
0	0	0	0	0	-0.000219622	-0.00087748	0.00157985	0.00742353	-0.000608269	
0	0	0	0	0	0.000534746	-0.000480057	-0.000811516	-0.000608269	0.00201321	
***
>covarianceMatrix:
N
5.37572e-146	0	
0	0.0063273	
***
>covarianceMatrix:
P
6.07987e-108	0	0	0	0	0	
0	6.07987e-108	0	0	0	0	
0	0	6.07987e-108	0	0	0	
0	0	0	0.00551196	0.00439643	0.00296171	
0	0	0	0.00439643	0.0223541	-0.0055408	
0	0	0	0.00296171	-0.0055408	0.170072	
***
>covarianceMatrix:
Q
5.37572e-146	0	
0	0.0280101	
***
>covarianceMatrix:
R
2.6843e-69	0	0	0	0	0	0	0	0	0	
0	2.6843e-69	0	0	0	0	0	0	0	0	
0	0	2.6843e-69	0	0	0	0	0	0	0	
0	0	0	2.6843e-69	0	0	0	0	0	0	
0	0	0	0	2.6843e-69	0	0	0	0	0	
0	0	0	0	0	0.00494785	0.00351446	0.00337297	0.00619924	-0.000226895	
0	0	0	0	0	0.00351446	0.0146751	0.000299385	0.00159149	-0.014848	
0	0	0	0	0	0.00337297	0.000299385	0.164576	-0.000484592	-0.0758347	
0	0	0	0	0	0.00619924	0.00159149	-0.000484592	0.0446139	-0.0218755	
0	0	0	0	0	-0.000226895	-0.014848	-0.0758347	-0.0218755	0.299669	
***
>covarianceMatrix:
S
5.92886e-146	0	0	0	0	0	
0	5.92886e-146	0	0	0	0	
0	0	5.92886e-146	0	0	0	
0	0	0	0.0227797	0.00263598	0.00465971	
0	0	0	0.00263598	0.00180874	0.00190061	
0	0	0	0.00465971	0.00190061	0.0253252	
***
>covarianceMatrix:
T
9.0191e-150	0	0	0	0	0	
0	9.0191e-150	0	0	0	0	
0	0	9.0191e-150	0	0	0	
0	0	0	0.00455772	0.000173956	0.000661518	
0	0	0	0.000173956	0.00084076	0.00131829	
0	0	0	0.000661518	0.00131829	0.0158924	
***
>covarianceMatrix:
V
6.23156e-151	0	0	0	0	0	
0	6.23156e-151	0	0	0	0	
0	0	6.23156e-151	0	0	0	
0	0	0	0.0104114	0.000595036	0.00137081	
0	0	0	0.000595036	0.000689996	0.000548952	
0	0	0	0.00137081	0.000548952	0.00439685	
***
>covarianceMatrix:
Y
5.37572e-146	0	
0	0.00510183	
***
>covarianceMatrix:
Z
5.37572e-146	0	
0	0.0795116	
***
