>groupList:
A C D E F G H I K L
N P Q R S T V Y Z 
>stdDevSynthesisRate:
1.238 
>numParam:
40
>numMixtures:
1
>std_stdDevSynthesisRate:
0.1
>std_phi:
***
0.1 0.1 0.1 0.1 0.1 0.1 0.1 0.1 0.1 0.1
0.1 0.1 0.1 0.1 0.1 0.1 0.1 0.1 0.1 0.1
0.1 0.1 0.1 0.1 0.1 0.1 0.1 0.1 0.1 0.1
0.1 0.1 0.1 0.1 0.1 0.1 0.1 0.1 0.1 0.1
0.1 0.1 0.1 0.1 0.1 0.1 0.1 0.1 0.1 0.1
0.1 0.1 0.1 0.1 0.1 0.1 0.1 0.1 0.1 0.1
0.1 0.1 0.1 0.1 0.1 0.1 0.1 0.1 0.1 0.1
0.1 0.1 0.1 0.1 0.1 0.1 0.1 0.1 0.1 0.1
0.1 0.1 0.1 0.1 0.1 0.1 0.1 0.1 0.1 0.1
0.1 0.1 0.1 0.1 0.1 0.1 0.1 0.1 0.1 0.1
0.1 0.1 0.1 0.1 0.1 0.1 0.1 0.1 0.1 0.1
0.1 0.1 0.1 0.1 0.1 0.1 0.1 0.1 0.1 0.1
0.1 0.1 0.1 0.1 0.1 0.1 0.1 0.1 0.1 0.1
0.1 0.1 0.1 0.1 0.1 0.1 0.1 0.1 0.1 0.1
0.1 0.1 0.1 0.1 0.1 0.1 0.1 0.1 0.1 0.1
0.1 0.1 0.1 0.1 0.1 0.1 0.1 0.1 0.1 0.1
0.1 0.1 0.1 0.1 0.1 0.1 0.1 0.1 0.1 0.1
0.1 0.1 0.1 0.1 0.1 0.1 0.1 0.1 0.1 0.1
0.1 0.1 0.1 0.1 0.1 0.1 0.1 0.1 0.1 0.1
0.1 0.1 0.1 0.1 0.1 0.1 0.1 0.1 0.1 0.1
0.1 0.1 0.1 0.1 0.1 0.1 0.1 0.1 0.1 0.1
0.1 0.1 0.1 0.1 0.1 0.1 0.1 0.1 0.1 0.1
0.1 0.1 0.1 0.1 0.1 0.1 0.1 0.1 0.1 0.1
0.1 0.1 0.1 0.1 0.1 0.1 0.1 0.1 0.1 0.1
0.1 0.1 0.1 0.1 0.1 0.1 0.1 0.1 0.1 
>categories:
0 0
>mixtureAssignment:
0 0 0 0 0 0 0 0 0 0 0 0 0 0 0 0 0 0 0 0 0 0 0 0 0 0 0 0 0 0 0 0 0 0 0 0 0 0 0 0 0 0 0 0 0 0 0 0 0 0
0 0 0 0 0 0 0 0 0 0 0 0 0 0 0 0 0 0 0 0 0 0 0 0 0 0 0 0 0 0 0 0 0 0 0 0 0 0 0 0 0 0 0 0 0 0 0 0 0 0
0 0 0 0 0 0 0 0 0 0 0 0 0 0 0 0 0 0 0 0 0 0 0 0 0 0 0 0 0 0 0 0 0 0 0 0 0 0 0 0 0 0 0 0 0 0 0 0 0 0
0 0 0 0 0 0 0 0 0 0 0 0 0 0 0 0 0 0 0 0 0 0 0 0 0 0 0 0 0 0 0 0 0 0 0 0 0 0 0 0 0 0 0 0 0 0 0 0 0 0
0 0 0 0 0 0 0 0 0 0 0 0 0 0 0 0 0 0 0 0 0 0 0 0 0 0 0 0 0 0 0 0 0 0 0 0 0 0 0 0 0 0 0 0 0 0 0 0 0 
>numMutationCategories:
1
>numSelectionCategories:
1
>categoryProbabilities:
1 
>selectionIsInMixture:
***
0 
>mutationIsInMixture:
***
0 
>obsPhiSets:
0
>currentSynthesisRateLevel:
***
0.0805135 0.341635 1.0114 6.15615 1.26439 1.28245 2.10567 1.69335 0.672078 8.18589
0.370679 0.39264 11.4288 3.50483 0.365003 0.835319 1.3737 0.249247 2.49388 1.08733
0.334961 0.291145 1.0271 2.68203 0.906959 1.0889 0.842863 4.1835 0.431698 7.46856
4.23674 1.77939 1.17453 1.31999 0.0949556 0.834349 0.342248 0.683706 0.670435 0.573425
9.90534 1.7294 2.31629 0.609938 0.130302 0.657128 0.82923 0.448078 10.8716 1.25285
1.05147 2.8494 0.256733 2.86137 0.207086 1.94776 0.828065 0.298307 2.20942 1.45742
0.422456 0.968473 0.178297 0.80248 0.294169 0.479653 1.88306 0.381561 1.24266 0.151314
1.41732 0.206077 2.76024 6.10848 0.183407 0.216671 0.805071 0.662577 0.885413 0.445575
0.261789 0.476443 0.751198 1.09233 0.571007 0.378622 0.274645 1.34094 0.603671 15.7845
0.670055 0.923493 0.699497 1.90956 9.87322 1.00934 0.677008 0.711406 1.03785 0.116749
1.82103 0.275192 1.0079 0.433506 0.837823 0.384478 0.510831 0.166427 0.510021 8.07389
2.70924 0.850383 1.39086 1.7212 1.34644 0.615464 0.753446 0.735353 0.157646 0.412968
1.08595 0.308868 0.323945 0.136692 1.00427 1.35945 0.858758 14.6265 2.52825 0.970313
0.214367 0.619466 3.70938 4.14016 7.80405 1.43314 0.7496 0.219281 3.16598 1.24504
0.267433 0.56359 0.413245 2.89411 0.72307 0.43936 0.546666 0.506642 4.70221 0.210158
0.210515 3.38736 0.199078 9.61126 0.267644 0.652749 3.45777 0.426409 0.215552 1.01418
8.84163 1.83802 1.04381 0.315534 6.0196 2.62083 7.80863 0.206861 0.191846 6.80728
1.39554 0.875464 2.06774 8.11798 0.28204 2.10329 0.778072 1.55511 0.143891 1.04055
2.16857 0.283072 9.26464 3.57837 0.502904 1.5493 0.288678 7.76369 0.281425 0.187865
2.39736 0.35707 2.21623 0.273706 0.258562 0.274494 0.909154 4.66688 0.158047 0.672909
1.60097 0.307184 0.257064 2.86504 2.80539 1.92194 0.293543 3.42497 1.99016 0.67351
1.10637 0.190218 11.1411 0.645954 10.0236 1.72996 0.30695 0.248411 1.6564 1.37686
7.41634 0.267 1.11906 7.34643 0.828748 0.316504 2.43662 0.154159 1.26963 3.78043
0.361277 3.18109 1.9005 0.143359 8.5473 4.82965 1.48172 3.17283 0.338177 1.70683
0.434425 4.8204 11.1404 1.59624 2.02408 1.87883 0.235313 1.89961 0.552099 
>noiseOffset:
>observedSynthesisNoise:
>std_NoiseOffset:
>mutation_prior_mean:
***
0 0 0 0 0 0 0 0 0 0
0 0 0 0 0 0 0 0 0 0
0 0 0 0 0 0 0 0 0 0
0 0 0 0 0 0 0 0 0 0
>mutation_prior_sd:
***
0.35 0.35 0.35 0.35 0.35 0.35 0.35 0.35 0.35 0.35
0.35 0.35 0.35 0.35 0.35 0.35 0.35 0.35 0.35 0.35
0.35 0.35 0.35 0.35 0.35 0.35 0.35 0.35 0.35 0.35
0.35 0.35 0.35 0.35 0.35 0.35 0.35 0.35 0.35 0.35
>std_csp:
68.045 68.045 68.045 6.24182e+18 6.24182e+18 6.24182e+18 6.24182e+18 1.83741e+08 1.83741e+08 1.83741e+08
6.24182e+18 2.50845e+18 2.50845e+18 6.24182e+18 0.396271 0.396271 0.396271 0.396271 0.396271 6.24182e+18
78.3878 78.3878 78.3878 6.24182e+18 0.000693088 0.000693088 0.000693088 0.000693088 0.000693088 3.56102e+07
3.56102e+07 3.56102e+07 6.15344e+07 6.15344e+07 6.15344e+07 2.35908e+09 2.35908e+09 2.35908e+09 6.24182e+18 6.24182e+18
>currentMutationParameter:
***
-0.207407 0.441056 0.645644 0.250758 0.722535 -0.661767 0.605098 0.0345033 0.408419 0.715699
0.738052 0.0243036 0.666805 -0.570756 0.450956 1.05956 0.549069 0.409834 -0.196043 0.614633
-0.0635834 0.497277 0.582122 -0.511362 -1.19632 -0.771466 -0.160406 0.476347 0.403494 -0.0784245
0.522261 0.646223 -0.176795 0.540641 0.501026 0.132361 0.717795 0.387088 0.504953 0.368376
>currentSelectionParameter:
***
0.473429 -0.0130755 4.76844 0.0754027 -0.0430953 -0.56068 -0.470675 1.63416 0.432808 1.04145
-0.371076 0.718443 0.0127902 0.16715 0.40214 0.697367 0.971048 0.609271 0.346053 -0.375518
-0.19662 1.53821 3.55766 -0.440812 -0.0797405 0.797292 4.68008 0.499233 1.4565 0.365725
0.209007 0.558386 0.957586 -0.0709192 0.684621 0.763374 -0.150002 0.239848 -0.462259 -0.17373
>covarianceMatrix:
A
6.72007e-25	0	0	0	0	0	
0	6.72007e-25	0	0	0	0	
0	0	6.72007e-25	0	0	0	
0	0	0	0.0502708	0.00414272	-0.0338002	
0	0	0	0.00414272	0.0131601	-0.012891	
0	0	0	-0.0338002	-0.012891	1.87603	
***
>covarianceMatrix:
C
5.38349e-39	0	
0	0.0167022	
***
>covarianceMatrix:
D
5.38349e-39	0	
0	0.0661787	
***
>covarianceMatrix:
E
5.38349e-39	0	
0	0.0749386	
***
>covarianceMatrix:
F
5.38349e-39	0	
0	0.0477985	
***
>covarianceMatrix:
G
1.97586e-40	0	0	0	0	0	
0	1.97586e-40	0	0	0	0	
0	0	1.97586e-40	0	0	0	
0	0	0	0.217523	0.00239851	0.0252398	
0	0	0	0.00239851	0.0684637	0.00865083	
0	0	0	0.0252398	0.00865083	0.132082	
***
>covarianceMatrix:
H
5.38349e-39	0	
0	0.0586362	
***
>covarianceMatrix:
I
2.1635e-39	0	0	0	
0	2.1635e-39	0	0	
0	0	0.0717761	-0.00194837	
0	0	-0.00194837	0.00614715	
***
>covarianceMatrix:
K
5.38349e-39	0	
0	0.00883411	
***
>covarianceMatrix:
L
3.76499e-17	0	0	0	0	0	0	0	0	0	
0	3.76499e-17	0	0	0	0	0	0	0	0	
0	0	3.76499e-17	0	0	0	0	0	0	0	
0	0	0	3.76499e-17	0	0	0	0	0	0	
0	0	0	0	3.76499e-17	0	0	0	0	0	
0	0	0	0	0	0.00807478	0.0110315	0.000667991	-0.00509473	0.000180839	
0	0	0	0	0	0.0110315	0.114495	-0.00735112	-0.000341582	0.00272634	
0	0	0	0	0	0.000667991	-0.00735112	0.0560696	0.00518332	-0.00259472	
0	0	0	0	0	-0.00509473	-0.000341582	0.00518332	0.0483631	0.00106066	
0	0	0	0	0	0.000180839	0.00272634	-0.00259472	0.00106066	0.00616553	
***
>covarianceMatrix:
N
5.38349e-39	0	
0	0.0234627	
***
>covarianceMatrix:
P
2.78695e-25	0	0	0	0	0	
0	2.78695e-25	0	0	0	0	
0	0	2.78695e-25	0	0	0	
0	0	0	0.0160782	0.00633103	0.0147842	
0	0	0	0.00633103	0.379701	-0.0262757	
0	0	0	0.0147842	-0.0262757	0.533333	
***
>covarianceMatrix:
Q
5.38349e-39	0	
0	0.0648112	
***
>covarianceMatrix:
R
1.90136e-29	0	0	0	0	0	0	0	0	0	
0	1.90136e-29	0	0	0	0	0	0	0	0	
0	0	1.90136e-29	0	0	0	0	0	0	0	
0	0	0	1.90136e-29	0	0	0	0	0	0	
0	0	0	0	1.90136e-29	0	0	0	0	0	
0	0	0	0	0	0.0134177	0.0110985	0.0162021	0.0103221	0.0119986	
0	0	0	0	0	0.0110985	0.0350338	0.0542801	0.00252529	0.0139547	
0	0	0	0	0	0.0162021	0.0542801	1.50855	0.0381775	-0.067066	
0	0	0	0	0	0.0103221	0.00252529	0.0381775	0.0279815	0.00969606	
0	0	0	0	0	0.0119986	0.0139547	-0.067066	0.00969606	0.18866	
***
>covarianceMatrix:
S
3.79983e-39	0	0	0	0	0	
0	3.79983e-39	0	0	0	0	
0	0	3.79983e-39	0	0	0	
0	0	0	0.0502651	0.00387119	0.00622767	
0	0	0	0.00387119	0.0137776	0.006021	
0	0	0	0.00622767	0.006021	0.148837	
***
>covarianceMatrix:
T
2.32749e-35	0	0	0	0	0	
0	2.32749e-35	0	0	0	0	
0	0	2.32749e-35	0	0	0	
0	0	0	0.104154	0.00237111	0.0228486	
0	0	0	0.00237111	0.00319065	0.000619382	
0	0	0	0.0228486	0.000619382	0.112509	
***
>covarianceMatrix:
V
4.26093e-41	0	0	0	0	0	
0	4.26093e-41	0	0	0	0	
0	0	4.26093e-41	0	0	0	
0	0	0	0.0396919	0.00404527	0.00485282	
0	0	0	0.00404527	0.0025408	0.000235344	
0	0	0	0.00485282	0.000235344	0.0205463	
***
>covarianceMatrix:
Y
5.38349e-39	0	
0	0.0201674	
***
>covarianceMatrix:
Z
5.38349e-39	0	
0	0.377823	
***
