>groupList:
A C D E F G H I K L
N P Q R S T V Y Z 
>stdDevSynthesisRate:
1.238 
>numParam:
40
>numMixtures:
1
>std_stdDevSynthesisRate:
0.1
>std_phi:
***
0.1 0.1 0.1 0.1 0.1 0.1 0.1 0.1 0.1 0.1
0.1 0.1 0.1 0.1 0.1 0.1 0.1 0.1 0.1 0.1
0.1 0.1 0.1 0.1 0.1 0.1 0.1 0.1 0.1 0.1
0.1 0.1 0.1 0.1 0.1 0.1 0.1 0.1 0.1 0.1
0.1 0.1 0.1 0.1 0.1 0.1 0.1 0.1 0.1 0.1
0.1 0.1 0.1 0.1 0.1 0.1 0.1 0.1 0.1 0.1
0.1 0.1 0.1 0.1 0.1 0.1 0.1 0.1 0.1 0.1
0.1 0.1 0.1 0.1 0.1 0.1 0.1 0.1 0.1 0.1
0.1 0.1 0.1 0.1 0.1 0.1 0.1 0.1 0.1 0.1
0.1 0.1 0.1 0.1 0.1 0.1 0.1 0.1 0.1 0.1
0.1 0.1 0.1 0.1 0.1 0.1 0.1 0.1 0.1 0.1
0.1 0.1 0.1 0.1 0.1 0.1 0.1 0.1 0.1 0.1
0.1 0.1 0.1 0.1 0.1 0.1 0.1 0.1 0.1 0.1
0.1 0.1 0.1 0.1 0.1 0.1 0.1 0.1 0.1 0.1
0.1 0.1 0.1 0.1 0.1 0.1 0.1 0.1 0.1 0.1
0.1 0.1 0.1 0.1 0.1 0.1 0.1 0.1 0.1 0.1
0.1 0.1 0.1 0.1 0.1 0.1 0.1 0.1 0.1 0.1
0.1 0.1 0.1 0.1 0.1 0.1 0.1 0.1 0.1 0.1
0.1 0.1 0.1 0.1 0.1 0.1 0.1 0.1 0.1 0.1
0.1 0.1 0.1 0.1 0.1 0.1 0.1 0.1 0.1 0.1
0.1 0.1 0.1 0.1 0.1 0.1 0.1 0.1 0.1 0.1
0.1 0.1 0.1 0.1 0.1 0.1 0.1 0.1 0.1 0.1
0.1 0.1 0.1 0.1 0.1 0.1 0.1 0.1 0.1 0.1
0.1 0.1 0.1 0.1 0.1 0.1 0.1 0.1 0.1 0.1
0.1 0.1 0.1 0.1 0.1 0.1 0.1 0.1 0.1 
>categories:
0 0
>mixtureAssignment:
0 0 0 0 0 0 0 0 0 0 0 0 0 0 0 0 0 0 0 0 0 0 0 0 0 0 0 0 0 0 0 0 0 0 0 0 0 0 0 0 0 0 0 0 0 0 0 0 0 0
0 0 0 0 0 0 0 0 0 0 0 0 0 0 0 0 0 0 0 0 0 0 0 0 0 0 0 0 0 0 0 0 0 0 0 0 0 0 0 0 0 0 0 0 0 0 0 0 0 0
0 0 0 0 0 0 0 0 0 0 0 0 0 0 0 0 0 0 0 0 0 0 0 0 0 0 0 0 0 0 0 0 0 0 0 0 0 0 0 0 0 0 0 0 0 0 0 0 0 0
0 0 0 0 0 0 0 0 0 0 0 0 0 0 0 0 0 0 0 0 0 0 0 0 0 0 0 0 0 0 0 0 0 0 0 0 0 0 0 0 0 0 0 0 0 0 0 0 0 0
0 0 0 0 0 0 0 0 0 0 0 0 0 0 0 0 0 0 0 0 0 0 0 0 0 0 0 0 0 0 0 0 0 0 0 0 0 0 0 0 0 0 0 0 0 0 0 0 0 
>numMutationCategories:
1
>numSelectionCategories:
1
>categoryProbabilities:
1 
>selectionIsInMixture:
***
0 
>mutationIsInMixture:
***
0 
>obsPhiSets:
0
>currentSynthesisRateLevel:
***
0.0805135 0.341635 1.0114 6.15615 1.26439 1.28245 2.10567 1.69335 0.672078 8.18589
0.370679 0.39264 11.4288 3.50483 0.365003 0.835319 1.3737 0.249247 2.49388 1.08733
0.334961 0.291145 1.0271 2.68203 0.906959 1.0889 0.842863 4.1835 0.431698 7.46856
4.23674 1.77939 1.17453 1.31999 0.0949556 0.834349 0.342248 0.683706 0.670435 0.573425
9.90534 1.7294 2.31629 0.609938 0.130302 0.657128 0.82923 0.448078 10.8716 1.25285
1.05147 2.8494 0.256733 2.86137 0.207086 1.94776 0.828065 0.298307 2.20942 1.45742
0.422456 0.968473 0.178297 0.80248 0.294169 0.479653 1.88306 0.381561 1.24266 0.151314
1.41732 0.206077 2.76024 6.10848 0.183407 0.216671 0.805071 0.662577 0.885413 0.445575
0.261789 0.476443 0.751198 1.09233 0.571007 0.378622 0.274645 1.34094 0.603671 15.7845
0.670055 0.923493 0.699497 1.90956 9.87322 1.00934 0.677008 0.711406 1.03785 0.116749
1.82103 0.275192 1.0079 0.433506 0.837823 0.384478 0.510831 0.166427 0.510021 8.07389
2.70924 0.850383 1.39086 1.7212 1.34644 0.615464 0.753446 0.735353 0.157646 0.412968
1.08595 0.308868 0.323945 0.136692 1.00427 1.35945 0.858758 14.6265 2.52825 0.970313
0.214367 0.619466 3.70938 4.14016 7.80405 1.43314 0.7496 0.219281 3.16598 1.24504
0.267433 0.56359 0.413245 2.89411 0.72307 0.43936 0.546666 0.506642 4.70221 0.210158
0.210515 3.38736 0.199078 9.61126 0.267644 0.652749 3.45777 0.426409 0.215552 1.01418
8.84163 1.83802 1.04381 0.315534 6.0196 2.62083 7.80863 0.206861 0.191846 6.80728
1.39554 0.875464 2.06774 8.11798 0.28204 2.10329 0.778072 1.55511 0.143891 1.04055
2.16857 0.283072 9.26464 3.57837 0.502904 1.5493 0.288678 7.76369 0.281425 0.187865
2.39736 0.35707 2.21623 0.273706 0.258562 0.274494 0.909154 4.66688 0.158047 0.672909
1.60097 0.307184 0.257064 2.86504 2.80539 1.92194 0.293543 3.42497 1.99016 0.67351
1.10637 0.190218 11.1411 0.645954 10.0236 1.72996 0.30695 0.248411 1.6564 1.37686
7.41634 0.267 1.11906 7.34643 0.828748 0.316504 2.43662 0.154159 1.26963 3.78043
0.361277 3.18109 1.9005 0.143359 8.5473 4.82965 1.48172 3.17283 0.338177 1.70683
0.434425 4.8204 11.1404 1.59624 2.02408 1.87883 0.235313 1.89961 0.552099 
>noiseOffset:
>observedSynthesisNoise:
>std_NoiseOffset:
>mutation_prior_mean:
***
0 0 0 0 0 0 0 0 0 0
0 0 0 0 0 0 0 0 0 0
0 0 0 0 0 0 0 0 0 0
0 0 0 0 0 0 0 0 0 0
>mutation_prior_sd:
***
0.35 0.35 0.35 0.35 0.35 0.35 0.35 0.35 0.35 0.35
0.35 0.35 0.35 0.35 0.35 0.35 0.35 0.35 0.35 0.35
0.35 0.35 0.35 0.35 0.35 0.35 0.35 0.35 0.35 0.35
0.35 0.35 0.35 0.35 0.35 0.35 0.35 0.35 0.35 0.35
>std_csp:
0.298598 0.298598 0.298598 3.1948 3.1948 3.1948 3.1948 1.06993 1.06993 1.06993
3.1948 3.1948 3.1948 3.1948 0.144 0.144 0.144 0.144 0.144 3.1948
0.743008 0.743008 0.743008 3.1948 0.1728 0.1728 0.1728 0.1728 0.1728 0.619174
0.619174 0.619174 1.06993 1.06993 1.06993 0.619174 0.619174 0.619174 3.1948 3.1948
>currentMutationParameter:
***
-0.207407 0.441056 0.645644 0.250758 0.722535 -0.661767 0.605098 0.0345033 0.408419 0.715699
0.738052 0.0243036 0.666805 -0.570756 0.450956 1.05956 0.549069 0.409834 -0.196043 0.614633
-0.0635834 0.497277 0.582122 -0.511362 -1.19632 -0.771466 -0.160406 0.476347 0.403494 -0.0784245
0.522261 0.646223 -0.176795 0.540641 0.501026 0.132361 0.717795 0.387088 0.504953 0.368376
>currentSelectionParameter:
***
0.376983 0.0700108 1.83067 -0.190339 -0.236842 -0.770527 -0.57646 0.816134 0.369463 0.74284
-0.828979 0.73043 0.0411047 0.240722 0.272985 0.948108 0.588151 0.788224 0.426229 -0.270909
-0.182039 1.62684 0.557674 -0.669317 -0.0120098 0.592662 8.35365 0.113459 1.22988 0.510921
0.0937936 0.731536 1.21705 -0.0460974 0.789967 0.721512 -0.062628 0.282705 -0.572953 -0.107655
>covarianceMatrix:
A
7.52296e-05	0	0	0	0	0	
0	7.52296e-05	0	0	0	0	
0	0	7.52296e-05	0	0	0	
0	0	0	0.0419859	-0.00211615	-0.0301888	
0	0	0	-0.00211615	0.0144033	0.0360092	
0	0	0	-0.0301888	0.0360092	0.809026	
***
>covarianceMatrix:
C
4.86696e-06	0	
0	0.0152348	
***
>covarianceMatrix:
D
4.86696e-06	0	
0	0.0570985	
***
>covarianceMatrix:
E
4.86696e-06	0	
0	0.0695959	
***
>covarianceMatrix:
F
4.86696e-06	0	
0	0.0418315	
***
>covarianceMatrix:
G
4.52759e-06	0	0	0	0	0	
0	4.52759e-06	0	0	0	0	
0	0	4.52759e-06	0	0	0	
0	0	0	0.207552	0.0120042	0.00900634	
0	0	0	0.0120042	0.05901	0.0152084	
0	0	0	0.00900634	0.0152084	0.11789	
***
>covarianceMatrix:
H
4.86696e-06	0	
0	0.0558338	
***
>covarianceMatrix:
I
4.86696e-06	0	0	0	
0	4.86696e-06	0	0	
0	0	0.063141	0.00368102	
0	0	0.00368102	0.00465491	
***
>covarianceMatrix:
K
4.86696e-06	0	
0	0.00959504	
***
>covarianceMatrix:
L
3.62797e-05	0	0	0	0	0	0	0	0	0	
0	3.62797e-05	0	0	0	0	0	0	0	0	
0	0	3.62797e-05	0	0	0	0	0	0	0	
0	0	0	3.62797e-05	0	0	0	0	0	0	
0	0	0	0	3.62797e-05	0	0	0	0	0	
0	0	0	0	0	0.00866478	-0.00851147	0.00371042	-0.00239563	0.0025834	
0	0	0	0	0	-0.00851147	0.113797	-0.0159696	0.0034092	-0.00540746	
0	0	0	0	0	0.00371042	-0.0159696	0.0667378	-0.00225823	-0.00186979	
0	0	0	0	0	-0.00239563	0.0034092	-0.00225823	0.0320557	0.00329295	
0	0	0	0	0	0.0025834	-0.00540746	-0.00186979	0.00329295	0.00743306	
***
>covarianceMatrix:
N
4.86696e-06	0	
0	0.0292104	
***
>covarianceMatrix:
P
5.24027e-06	0	0	0	0	0	
0	5.24027e-06	0	0	0	0	
0	0	5.24027e-06	0	0	0	
0	0	0	0.0202917	0.00785761	0.00985322	
0	0	0	0.00785761	0.485899	0.0161757	
0	0	0	0.00985322	0.0161757	0.804886	
***
>covarianceMatrix:
Q
4.86696e-06	0	
0	0.0745178	
***
>covarianceMatrix:
R
0.000335923	0	0	0	0	0	0	0	0	0	
0	0.000335923	0	0	0	0	0	0	0	0	
0	0	0.000335923	0	0	0	0	0	0	0	
0	0	0	0.000335923	0	0	0	0	0	0	
0	0	0	0	0.000335923	0	0	0	0	0	
0	0	0	0	0	0.0245674	0.0138082	-0.00419678	0.0245601	-0.00217959	
0	0	0	0	0	0.0138082	0.0443747	-0.0524198	0.0216928	0.0132073	
0	0	0	0	0	-0.00419678	-0.0524198	0.377372	-0.0320675	-0.180161	
0	0	0	0	0	0.0245601	0.0216928	-0.0320675	0.0514918	0.00621586	
0	0	0	0	0	-0.00217959	0.0132073	-0.180161	0.00621586	0.289051	
***
>covarianceMatrix:
S
2.62014e-06	0	0	0	0	0	
0	2.62014e-06	0	0	0	0	
0	0	2.62014e-06	0	0	0	
0	0	0	0.0543968	0.00383074	0.0248053	
0	0	0	0.00383074	0.0184922	0.0178174	
0	0	0	0.0248053	0.0178174	0.254043	
***
>covarianceMatrix:
T
4.52759e-06	0	0	0	0	0	
0	4.52759e-06	0	0	0	0	
0	0	4.52759e-06	0	0	0	
0	0	0	0.0951397	-0.000831487	0.0123789	
0	0	0	-0.000831487	0.00432362	0.00333259	
0	0	0	0.0123789	0.00333259	0.076316	
***
>covarianceMatrix:
V
2.62014e-06	0	0	0	0	0	
0	2.62014e-06	0	0	0	0	
0	0	2.62014e-06	0	0	0	
0	0	0	0.0288682	0.000505584	0.00169699	
0	0	0	0.000505584	0.00196252	0.000599903	
0	0	0	0.00169699	0.000599903	0.0154222	
***
>covarianceMatrix:
Y
4.86696e-06	0	
0	0.0233138	
***
>covarianceMatrix:
Z
4.86696e-06	0	
0	0.434035	
***
