>groupList:
A C D E F G H I K L
N P Q R S T V Y Z 
>stdDevSynthesisRate:
0.01 
>numParam:
40
>numMixtures:
1
>std_stdDevSynthesisRate:
0.1
>std_phi:
***
0.1 0.1 0.1 0.1 0.1 0.1 0.1 0.1 0.1 0.1
0.1 0.1 0.1 0.1 0.1 0.1 0.1 0.1 0.1 0.1
0.1 0.1 0.1 0.1 0.1 0.1 0.1 0.1 0.1 0.1
0.1 0.1 0.1 0.1 0.1 0.1 0.1 0.1 0.1 0.1
0.1 0.1 0.1 0.1 0.1 0.1 0.1 0.1 0.1 0.1
0.1 0.1 0.1 0.1 0.1 0.1 0.1 0.1 0.1 0.1
0.1 0.1 0.1 0.1 0.1 0.1 0.1 0.1 0.1 0.1
0.1 0.1 0.1 0.1 0.1 0.1 0.1 0.1 0.1 0.1
0.1 0.1 0.1 0.1 0.1 0.1 0.1 0.1 0.1 0.1
0.1 0.1 0.1 0.1 0.1 0.1 0.1 0.1 0.1 0.1
0.1 0.1 0.1 0.1 0.1 0.1 0.1 0.1 0.1 0.1
0.1 0.1 0.1 0.1 0.1 0.1 0.1 0.1 0.1 0.1
0.1 0.1 0.1 0.1 0.1 0.1 0.1 0.1 0.1 0.1
0.1 0.1 0.1 0.1 0.1 0.1 0.1 0.1 0.1 0.1
0.1 0.1 0.1 0.1 0.1 0.1 0.1 0.1 0.1 0.1
0.1 0.1 0.1 0.1 0.1 0.1 0.1 0.1 0.1 0.1
0.1 0.1 0.1 0.1 0.1 0.1 0.1 0.1 0.1 0.1
0.1 0.1 0.1 0.1 0.1 0.1 0.1 0.1 0.1 0.1
0.1 0.1 0.1 0.1 0.1 0.1 0.1 0.1 0.1 0.1
0.1 0.1 0.1 0.1 0.1 0.1 0.1 0.1 0.1 0.1
0.1 0.1 0.1 0.1 
>categories:
0 0
>mixtureAssignment:
0 0 0 0 0 0 0 0 0 0 0 0 0 0 0 0 0 0 0 0 0 0 0 0 0 0 0 0 0 0 0 0 0 0 0 0 0 0 0 0 0 0 0 0 0 0 0 0 0 0
0 0 0 0 0 0 0 0 0 0 0 0 0 0 0 0 0 0 0 0 0 0 0 0 0 0 0 0 0 0 0 0 0 0 0 0 0 0 0 0 0 0 0 0 0 0 0 0 0 0
0 0 0 0 0 0 0 0 0 0 0 0 0 0 0 0 0 0 0 0 0 0 0 0 0 0 0 0 0 0 0 0 0 0 0 0 0 0 0 0 0 0 0 0 0 0 0 0 0 0
0 0 0 0 0 0 0 0 0 0 0 0 0 0 0 0 0 0 0 0 0 0 0 0 0 0 0 0 0 0 0 0 0 0 0 0 0 0 0 0 0 0 0 0 0 0 0 0 0 0
0 0 0 0 
>numMutationCategories:
1
>numSelectionCategories:
1
>categoryProbabilities:
1 
>selectionIsInMixture:
***
0 
>mutationIsInMixture:
***
0 
>obsPhiSets:
0
>currentSynthesisRateLevel:
***
2.0554 0.144042 1.57055 0.228841 11.1375 6.42316 0.341635 0.723517 1.42988 1.46651
0.370679 0.461963 0.300016 0.398113 0.130642 0.365003 0.264706 0.991831 0.262976 1.3737
2.24372 1.75479 2.04656 0.778587 0.493067 5.32052 0.334961 1.19407 1.0271 8.63403
4.15137 0.183188 1.33819 4.1835 0.151885 3.09748 0.108803 0.908871 0.238729 2.33847
2.31629 0.609938 0.502988 0.236379 0.82923 2.44538 0.433466 0.307899 6.17463 2.6513
2.8494 0.256733 1.29696 0.828065 0.298307 0.742249 1.07561 6.56725 2.20942 1.45742
0.968473 0.178297 0.479653 5.56481 0.477769 0.544466 0.206077 0.183407 9.15098 0.445575
1.09233 0.232455 0.571007 0.891281 0.161575 7.96138 0.642526 0.135817 0.592877 1.97341
0.0861637 8.24896 5.69497 3.12919 2.09846 2.31956 7.73978 0.999777 7.26277 0.157646
2.22303 1.52331 0.412968 5.26018 9.02113 0.276976 6.92876 0.15838 0.308868 1.00427
2.74683 1.1507 0.858758 0.870283 0.313529 0.320632 0.31351 10.5522 0.219281 9.36038
0.489147 1.81707 0.338328 1.61701 1.24504 0.979468 0.896717 1.71804 1.69879 1.35992
0.627281 0.745827 0.585112 8.30363 0.18084 0.210158 0.128295 0.331019 3.97241 0.162708
0.234264 1.04381 6.0196 2.62083 0.377579 6.3655 0.206861 1.13169 2.3237 6.63061
0.474339 0.79607 0.485731 7.8244 2.10329 0.461998 0.540375 1.19416 1.55511 0.143891
1.10837 2.16857 8.15021 6.55668 0.225631 1.5493 0.163888 0.383988 5.18397 0.443001
0.424545 0.230213 0.950643 0.835717 0.158047 1.60097 0.247113 0.862771 1.92194 1.36113
7.88955 8.86472 0.512226 0.910513 1.24618 2.63349 0.145386 3.71508 0.344173 1.00554
0.945836 7.58878 0.248411 0.210441 0.835061 0.66728 0.316504 0.527316 0.528004 1.77973
0.39862 3.18109 0.247963 0.143359 8.5473 0.264942 0.282088 1.15998 0.260682 0.645363
0.279032 9.64198 2.10192 0.124565 
>noiseOffset:
>observedSynthesisNoise:
>mutation_prior_mean:
***
0 0 0 0 0 0 0 0 0 0
0 0 0 0 0 0 0 0 0 0
0 0 0 0 0 0 0 0 0 0
0 0 0 0 0 0 0 0 0 0
>mutation_prior_sd:
***
0.35 0.35 0.35 0.35 0.35 0.35 0.35 0.35 0.35 0.35
0.35 0.35 0.35 0.35 0.35 0.35 0.35 0.35 0.35 0.35
0.35 0.35 0.35 0.35 0.35 0.35 0.35 0.35 0.35 0.35
0.35 0.35 0.35 0.35 0.35 0.35 0.35 0.35 0.35 0.35
>std_NoiseOffset:
>std_csp:
0.106168 0.106168 0.106168 13.7371 5.52061 4.60051 2.12987 0.12985 0.12985 0.12985
5.52061 0.165888 0.165888 2.21861 0.12 0.12 0.12 0.12 0.12 6.62474
0.124656 0.124656 0.124656 13.1876 0.028991 0.028991 0.028991 0.028991 0.028991 0.146767
0.146767 0.146767 0.0751447 0.0751447 0.0751447 0.12 0.12 0.12 3.83376 28.4852
>currentMutationParameter:
***
-0.207407 0.441056 0.645644 0.250758 0.722535 -0.661767 0.605098 0.0345033 0.408419 0.715699
0.738052 0.0243036 0.666805 -0.570756 0.450956 1.05956 0.549069 0.409834 -0.196043 0.614633
-0.0635834 0.497277 0.582122 -0.511362 -1.19632 -0.771466 -0.160406 0.476347 0.403494 -0.0784245
0.522261 0.646223 -0.176795 0.540641 0.501026 0.132361 0.717795 0.387088 0.504953 0.368376
>currentSelectionParameter:
***
0.621922 -0.0448799 0.47297 0.551695 0.0708047 -0.259258 -0.215724 1.17913 0.883189 0.627223
-0.373558 0.691389 -0.122056 0.31297 0.474717 1.41496 0.461535 0.279152 0.303937 -0.422368
-0.061187 0.594531 0.756128 -0.542927 -0.0860566 0.870405 2.68584 1.78967 6.04305 0.415731
0.0657968 0.616995 0.374403 -0.131997 0.712313 0.662152 -0.0639812 0.33009 -0.409465 -0.179947
>covarianceMatrix:
A
0.00481469	0	0	0	0	0	
0	0.00481469	0	0	0	0	
0	0	0.00481469	0	0	0	
0	0	0	0.0114756	0.000714567	0.000573433	
0	0	0	0.000714567	0.00604883	0.000514513	
0	0	0	0.000573433	0.000514513	0.0140553	
***
>covarianceMatrix:
C
0.343426	0	
0	0.343426	
***
>covarianceMatrix:
D
0.138015	0	
0	0.138015	
***
>covarianceMatrix:
E
0.115013	0	
0	0.115013	
***
>covarianceMatrix:
F
0.039935	0	
0	0.0409425	
***
>covarianceMatrix:
G
0.0166125	0	0	0	0	0	
0	0.0166125	0	0	0	0	
0	0	0.0166125	0	0	0	
0	0	0	0.0559197	0.000758088	0.00162519	
0	0	0	0.000758088	0.0470522	0.000572467	
0	0	0	0.00162519	0.000572467	0.0535538	
***
>covarianceMatrix:
H
0.138015	0	
0	0.138015	
***
>covarianceMatrix:
I
0.00644973	0	0	0	
0	0.00644973	0	0	
0	0	0.0107113	0.000183204	
0	0	0.000183204	0.00676542	
***
>covarianceMatrix:
K
0.0554653	0	
0	0.0554653	
***
>covarianceMatrix:
L
0.0062208	0	0	0	0	0	0	0	0	0	
0	0.0062208	0	0	0	0	0	0	0	0	
0	0	0.0062208	0	0	0	0	0	0	0	
0	0	0	0.0062208	0	0	0	0	0	0	
0	0	0	0	0.0062208	0	0	0	0	0	
0	0	0	0	0	0.0062208	0	0	0	0	
0	0	0	0	0	0	0.0062208	0	0	0	
0	0	0	0	0	0	0	0.0062208	0	0	
0	0	0	0	0	0	0	0	0.0062208	0	
0	0	0	0	0	0	0	0	0	0.0062208	
***
>covarianceMatrix:
N
0.165618	0	
0	0.165618	
***
>covarianceMatrix:
P
0.0172239	0	0	0	0	0	
0	0.0172239	0	0	0	0	
0	0	0.0172239	0	0	0	
0	0	0	0.0317248	0.0102137	0.0117006	
0	0	0	0.0102137	0.137317	0.024904	
0	0	0	0.0117006	0.024904	0.257746	
***
>covarianceMatrix:
Q
0.247267	0	
0	0.250502	
***
>covarianceMatrix:
R
0.000646947	0	0	0	0	0	0	0	0	0	
0	0.000646947	0	0	0	0	0	0	0	0	
0	0	0.000646947	0	0	0	0	0	0	0	
0	0	0	0.000646947	0	0	0	0	0	0	
0	0	0	0	0.000646947	0	0	0	0	0	
0	0	0	0	0	0.00331312	0.00286976	0.000548197	0.00243776	-0.00155312	
0	0	0	0	0	0.00286976	0.0221482	0.0126854	0.00592781	-0.00772925	
0	0	0	0	0	0.000548197	0.0126854	0.482925	0.0107566	0.108967	
0	0	0	0	0	0.00243776	0.00592781	0.0107566	0.147253	-0.00388171	
0	0	0	0	0	-0.00155312	-0.00772925	0.108967	-0.00388171	0.9949	
***
>covarianceMatrix:
S
0.0149057	0	0	0	0	0	
0	0.0149057	0	0	0	0	
0	0	0.0149057	0	0	0	
0	0	0	0.0290933	0.0015239	0.00159142	
0	0	0	0.0015239	0.0220389	0.000199359	
0	0	0	0.00159142	0.000199359	0.0493695	
***
>covarianceMatrix:
T
0.00321962	0	0	0	0	0	
0	0.00321962	0	0	0	0	
0	0	0.00321962	0	0	0	
0	0	0	0.0137986	0.00135671	0.00449364	
0	0	0	0.00135671	0.00671201	0.00174822	
0	0	0	0.00449364	0.00174822	0.0497678	
***
>covarianceMatrix:
V
0.00432	0	0	0	0	0	
0	0.00432	0	0	0	0	
0	0	0.00432	0	0	0	
0	0	0	0.00432	0	0	
0	0	0	0	0.00432	0	
0	0	0	0	0	0.00432	
***
>covarianceMatrix:
Y
0.095844	0	
0	0.095844	
***
>covarianceMatrix:
Z
0.712129	0	
0	0.712129	
***
