>groupList:
A C D E F G H I K L
N P Q R S T V Y Z 
>stdDevSynthesisRate:
1.238 
>numParam:
40
>numMixtures:
1
>std_stdDevSynthesisRate:
0.1
>std_phi:
***
0.1 0.1 0.1 0.1 0.1 0.1 0.1 0.1 0.1 0.1
0.1 0.1 0.1 0.1 0.1 0.1 0.1 0.1 0.1 0.1
0.1 0.1 0.1 0.1 0.1 0.1 0.1 0.1 0.1 0.1
0.1 0.1 0.1 0.1 0.1 0.1 0.1 0.1 0.1 0.1
0.1 0.1 0.1 0.1 0.1 0.1 0.1 0.1 0.1 0.1
0.1 0.1 0.1 0.1 0.1 0.1 0.1 0.1 0.1 0.1
0.1 0.1 0.1 0.1 0.1 0.1 0.1 0.1 0.1 0.1
0.1 0.1 0.1 0.1 0.1 0.1 0.1 0.1 0.1 0.1
0.1 0.1 0.1 0.1 0.1 0.1 0.1 0.1 0.1 0.1
0.1 0.1 0.1 0.1 0.1 0.1 0.1 0.1 0.1 0.1
0.1 0.1 0.1 0.1 0.1 0.1 0.1 0.1 0.1 0.1
0.1 0.1 0.1 0.1 0.1 0.1 0.1 0.1 0.1 0.1
0.1 0.1 0.1 0.1 0.1 0.1 0.1 0.1 0.1 0.1
0.1 0.1 0.1 0.1 0.1 0.1 0.1 0.1 0.1 0.1
0.1 0.1 0.1 0.1 0.1 0.1 0.1 0.1 0.1 0.1
0.1 0.1 0.1 0.1 0.1 0.1 0.1 0.1 0.1 0.1
0.1 0.1 0.1 0.1 0.1 0.1 0.1 0.1 0.1 0.1
0.1 0.1 0.1 0.1 0.1 0.1 0.1 0.1 0.1 0.1
0.1 0.1 0.1 0.1 0.1 0.1 0.1 0.1 0.1 0.1
0.1 0.1 0.1 0.1 0.1 0.1 0.1 0.1 0.1 0.1
0.1 0.1 0.1 0.1 0.1 0.1 0.1 0.1 0.1 0.1
0.1 0.1 0.1 0.1 0.1 0.1 0.1 0.1 0.1 0.1
0.1 0.1 0.1 0.1 0.1 0.1 0.1 0.1 0.1 0.1
0.1 0.1 0.1 0.1 0.1 0.1 0.1 0.1 0.1 0.1
0.1 0.1 0.1 0.1 0.1 0.1 0.1 0.1 0.1 0.1
0.1 0.1 0.1 0.1 0.1 0.1 0.1 0.1 0.1 0.1
0.1 0.1 0.1 0.1 0.1 0.1 0.1 0.1 0.1 0.1
0.1 0.1 0.1 0.1 0.1 0.1 0.1 0.1 0.1 0.1
0.1 0.1 0.1 0.1 0.1 0.1 0.1 0.1 0.1 0.1
0.1 0.1 0.1 0.1 0.1 0.1 0.1 0.1 0.1 0.1
0.1 0.1 0.1 0.1 0.1 0.1 0.1 0.1 0.1 0.1
0.1 0.1 0.1 0.1 0.1 0.1 0.1 0.1 0.1 0.1
0.1 0.1 0.1 0.1 0.1 0.1 0.1 0.1 0.1 0.1
0.1 0.1 0.1 0.1 0.1 0.1 0.1 0.1 0.1 0.1
0.1 0.1 0.1 0.1 0.1 0.1 0.1 0.1 0.1 0.1
0.1 0.1 0.1 0.1 0.1 0.1 0.1 0.1 0.1 0.1
0.1 0.1 0.1 0.1 0.1 0.1 0.1 0.1 0.1 0.1
0.1 0.1 0.1 
>categories:
0 0
>mixtureAssignment:
0 0 0 0 0 0 0 0 0 0 0 0 0 0 0 0 0 0 0 0 0 0 0 0 0 0 0 0 0 0 0 0 0 0 0 0 0 0 0 0 0 0 0 0 0 0 0 0 0 0
0 0 0 0 0 0 0 0 0 0 0 0 0 0 0 0 0 0 0 0 0 0 0 0 0 0 0 0 0 0 0 0 0 0 0 0 0 0 0 0 0 0 0 0 0 0 0 0 0 0
0 0 0 0 0 0 0 0 0 0 0 0 0 0 0 0 0 0 0 0 0 0 0 0 0 0 0 0 0 0 0 0 0 0 0 0 0 0 0 0 0 0 0 0 0 0 0 0 0 0
0 0 0 0 0 0 0 0 0 0 0 0 0 0 0 0 0 0 0 0 0 0 0 0 0 0 0 0 0 0 0 0 0 0 0 0 0 0 0 0 0 0 0 0 0 0 0 0 0 0
0 0 0 0 0 0 0 0 0 0 0 0 0 0 0 0 0 0 0 0 0 0 0 0 0 0 0 0 0 0 0 0 0 0 0 0 0 0 0 0 0 0 0 0 0 0 0 0 0 0
0 0 0 0 0 0 0 0 0 0 0 0 0 0 0 0 0 0 0 0 0 0 0 0 0 0 0 0 0 0 0 0 0 0 0 0 0 0 0 0 0 0 0 0 0 0 0 0 0 0
0 0 0 0 0 0 0 0 0 0 0 0 0 0 0 0 0 0 0 0 0 0 0 0 0 0 0 0 0 0 0 0 0 0 0 0 0 0 0 0 0 0 0 0 0 0 0 0 0 0
0 0 0 0 0 0 0 0 0 0 0 0 0 0 0 0 0 0 0 0 0 0 0 
>numMutationCategories:
1
>numSelectionCategories:
1
>categoryProbabilities:
1 
>selectionIsInMixture:
***
0 
>mutationIsInMixture:
***
0 
>obsPhiSets:
0
>currentSynthesisRateLevel:
***
2.0554 0.0805135 4.58293 0.341635 2.57141 0.723517 1.0114 0.116843 1.46651 6.15615
1.26439 1.28245 2.10567 1.69335 0.672078 8.18589 0.370679 2.76335 0.39264 0.461963
11.4288 3.50483 1.00467 1.26588 0.365003 11.0797 0.262976 0.835319 1.3737 1.75479
2.04656 0.249247 2.49388 0.47984 0.421088 0.560201 1.08733 0.334961 1.64435 0.291145
0.217891 1.0271 2.79552 0.995796 2.68203 0.906959 1.0889 0.842863 4.1835 0.431698
7.46856 4.23674 0.434831 1.77939 0.806985 0.108803 1.17453 1.31999 0.0949556 0.834349
0.238729 0.342248 0.683706 0.670435 0.573425 9.90534 1.7294 2.31629 0.609938 0.130302
0.657128 4.98377 0.176305 0.82923 0.448078 2.44538 10.8716 1.25285 1.05147 2.8494
0.256733 1.29696 0.248349 0.467649 2.86137 0.207086 1.94776 0.828065 0.298307 11.3688
1.61695 2.20942 1.45742 0.422456 0.968473 0.178297 0.80248 0.294169 0.479653 1.88306
0.381561 1.24266 0.151314 0.544466 1.41732 0.206077 2.76024 1.40451 0.670173 4.2956
6.10848 0.183407 0.216671 0.805071 0.662577 0.885413 2.84988 1.37945 0.445575 1.44101
0.261789 0.562304 1.45192 0.476443 1.09828 1.62902 1.57956 2.57202 0.751198 0.205656
1.09233 0.571007 0.60707 1.13895 0.378622 0.274645 1.34094 1.03149 0.603671 15.7845
0.670055 0.923493 0.699497 1.90956 0.822239 9.87322 8.24896 1.00934 0.677008 0.711406
1.03785 0.116749 1.82103 0.487982 0.275192 1.0079 0.433506 0.837823 0.384478 0.576857
0.510831 0.249293 0.166427 0.510021 8.07389 2.70924 0.850383 1.39086 0.314087 1.7212
1.34644 8.77613 0.715994 0.615464 0.753446 0.735353 0.157646 0.174234 0.553425 0.412968
0.463414 1.08595 8.2157 0.308868 0.508051 0.323945 0.136692 1.00427 1.35945 0.858758
14.6265 2.52825 0.224974 0.970313 0.214367 0.619466 3.70938 4.14016 7.80405 1.43314
1.46338 0.7496 0.219281 3.16598 0.198763 0.451439 0.489147 0.338328 1.24504 1.68513
0.896717 0.267433 0.56359 0.413245 2.89411 0.72307 0.43936 0.744321 8.24446 0.627281
0.546666 0.506642 4.70221 0.210158 0.210515 3.38736 0.199078 0.128295 9.61126 0.267644
0.215772 0.652749 3.45777 0.426409 0.215552 1.01418 0.387797 8.84163 1.83802 1.04381
0.315534 6.0196 2.62083 7.80863 0.206861 0.191846 6.80728 0.257503 1.39554 0.875464
2.06774 0.685459 8.11798 0.485731 0.28204 2.10329 0.393924 0.778072 1.55511 1.37454
0.143891 1.04055 2.16857 0.283072 9.26464 3.57837 2.53737 0.502904 1.5493 0.288678
7.76369 2.9656 0.281425 0.187865 1.01507 2.39736 7.0168 0.153744 1.60468 0.35707
2.21623 0.273706 0.258562 9.31998 0.274494 0.909154 1.03351 4.66688 0.950643 0.158047
0.672909 1.60097 2.15103 0.307184 0.257064 2.86504 1.2965 1.05052 2.80539 1.92194
0.293543 1.36113 0.398454 3.42497 9.62122 9.9739 1.17937 0.910513 1.99016 0.67351
1.10637 0.813226 0.190218 0.276298 0.200581 11.1411 0.145386 0.645954 1.78194 1.45813
10.0236 1.96676 0.616338 1.72996 1.05498 0.30695 2.08726 0.248411 1.6564 1.37686
7.41634 0.267 1.11906 1.38829 0.903102 7.34643 1.89005 0.828748 0.316504 2.43662
1.33357 0.154159 4.82767 1.26963 3.78043 0.361277 0.447109 3.18109 0.185026 1.9005
0.143359 8.5473 1.00458 4.82965 0.348288 0.171355 1.48172 11.1545 3.17283 0.124955
0.338177 1.70683 0.434425 4.8204 11.1404 1.53053 1.59624 2.02408 2.10192 1.87883
0.235313 1.89961 0.552099 
>noiseOffset:
>observedSynthesisNoise:
>std_NoiseOffset:
>mutation_prior_mean:
***
0 0 0 0 0 0 0 0 0 0
0 0 0 0 0 0 0 0 0 0
0 0 0 0 0 0 0 0 0 0
0 0 0 0 0 0 0 0 0 0
>mutation_prior_sd:
***
0.35 0.35 0.35 0.35 0.35 0.35 0.35 0.35 0.35 0.35
0.35 0.35 0.35 0.35 0.35 0.35 0.35 0.35 0.35 0.35
0.35 0.35 0.35 0.35 0.35 0.35 0.35 0.35 0.35 0.35
0.35 0.35 0.35 0.35 0.35 0.35 0.35 0.35 0.35 0.35
>std_csp:
1.00809e+18 1.00809e+18 1.00809e+18 3.89603e+38 3.89603e+38 3.89603e+38 3.89603e+38 3.61217e+18 3.61217e+18 3.61217e+18
3.89603e+38 6.29232e+37 6.29232e+37 3.89603e+38 0.515978 0.515978 0.515978 0.515978 0.515978 3.89603e+38
1.06332e+08 1.06332e+08 1.06332e+08 3.89603e+38 0.011154 0.011154 0.011154 0.011154 0.011154 1.13064e+17
1.13064e+17 1.13064e+17 6.85881e+14 6.85881e+14 6.85881e+14 4.63773e+19 4.63773e+19 4.63773e+19 3.89603e+38 3.89603e+38
>currentMutationParameter:
***
-0.207407 0.441056 0.645644 0.250758 0.722535 -0.661767 0.605098 0.0345033 0.408419 0.715699
0.738052 0.0243036 0.666805 -0.570756 0.450956 1.05956 0.549069 0.409834 -0.196043 0.614633
-0.0635834 0.497277 0.582122 -0.511362 -1.19632 -0.771466 -0.160406 0.476347 0.403494 -0.0784245
0.522261 0.646223 -0.176795 0.540641 0.501026 0.132361 0.717795 0.387088 0.504953 0.368376
>currentSelectionParameter:
***
0.42113 -0.0919474 0.274306 0.373464 -0.146017 -0.731146 -0.275265 1.00996 0.451118 0.590384
-0.269892 0.79007 -0.0575569 0.428824 0.296928 0.875579 0.811875 0.710021 0.445558 -0.230323
-0.221876 0.0155712 0.671637 -0.424701 -0.12329 0.300329 0.79002 0.207821 2.17451 0.423874
-0.124713 0.2297 0.380563 -0.00195191 0.664024 0.794553 -0.0672147 0.246613 -0.509432 -0.0623329
>covarianceMatrix:
A
1.30533e-78	0	0	0	0	0	
0	1.30533e-78	0	0	0	0	
0	0	1.30533e-78	0	0	0	
0	0	0	0.027401	0.00556836	0.0133515	
0	0	0	0.00556836	0.00767558	0.00447165	
0	0	0	0.0133515	0.00447165	0.0709412	
***
>covarianceMatrix:
C
1.15928e-74	0	
0	0.027622	
***
>covarianceMatrix:
D
1.15928e-74	0	
0	0.00486881	
***
>covarianceMatrix:
E
1.15928e-74	0	
0	0.0324949	
***
>covarianceMatrix:
F
1.15928e-74	0	
0	0.0104976	
***
>covarianceMatrix:
G
1.29923e-77	0	0	0	0	0	
0	1.29923e-77	0	0	0	0	
0	0	1.29923e-77	0	0	0	
0	0	0	0.0985815	0.0172964	0.0312911	
0	0	0	0.0172964	0.02176	0.0228056	
0	0	0	0.0312911	0.0228056	0.152986	
***
>covarianceMatrix:
H
1.15928e-74	0	
0	0.0119388	
***
>covarianceMatrix:
I
1.8723e-75	0	0	0	
0	1.8723e-75	0	0	
0	0	0.0406252	0.00254285	
0	0	0.00254285	0.00384455	
***
>covarianceMatrix:
K
1.15928e-74	0	
0	0.00889606	
***
>covarianceMatrix:
L
5.05646e-25	0	0	0	0	0	0	0	0	0	
0	5.05646e-25	0	0	0	0	0	0	0	0	
0	0	5.05646e-25	0	0	0	0	0	0	0	
0	0	0	5.05646e-25	0	0	0	0	0	0	
0	0	0	0	5.05646e-25	0	0	0	0	0	
0	0	0	0	0	0.0132994	0.00327344	0.0068396	0.00222276	0.000649227	
0	0	0	0	0	0.00327344	0.164438	0.00893018	-0.00758368	0.00295195	
0	0	0	0	0	0.0068396	0.00893018	0.0285083	2.69148e-05	-0.000325538	
0	0	0	0	0	0.00222276	-0.00758368	2.69148e-05	0.0656935	0.0036795	
0	0	0	0	0	0.000649227	0.00295195	-0.000325538	0.0036795	0.00461539	
***
>covarianceMatrix:
N
1.15928e-74	0	
0	0.0113715	
***
>covarianceMatrix:
P
1.60114e-61	0	0	0	0	0	
0	1.60114e-61	0	0	0	0	
0	0	1.60114e-61	0	0	0	
0	0	0	0.0403669	0.0319398	0.0165989	
0	0	0	0.0319398	0.0568415	0.014443	
0	0	0	0.0165989	0.014443	0.197078	
***
>covarianceMatrix:
Q
1.15928e-74	0	
0	0.0560779	
***
>covarianceMatrix:
R
1.95321e-44	0	0	0	0	0	0	0	0	0	
0	1.95321e-44	0	0	0	0	0	0	0	0	
0	0	1.95321e-44	0	0	0	0	0	0	0	
0	0	0	1.95321e-44	0	0	0	0	0	0	
0	0	0	0	1.95321e-44	0	0	0	0	0	
0	0	0	0	0	0.00609948	0.00611266	0.0090669	0.0101874	0.00192527	
0	0	0	0	0	0.00611266	0.040182	0.0219005	-0.00473297	-0.0339492	
0	0	0	0	0	0.0090669	0.0219005	0.217197	-0.00793582	0.0100876	
0	0	0	0	0	0.0101874	-0.00473297	-0.00793582	0.182928	-0.0227863	
0	0	0	0	0	0.00192527	-0.0339492	0.0100876	-0.0227863	0.163876	
***
>covarianceMatrix:
S
3.1137e-76	0	0	0	0	0	
0	3.1137e-76	0	0	0	0	
0	0	3.1137e-76	0	0	0	
0	0	0	0.0340059	0.00306069	0.00729588	
0	0	0	0.00306069	0.00343042	0.00297276	
0	0	0	0.00729588	0.00297276	0.0298507	
***
>covarianceMatrix:
T
1.83129e-70	0	0	0	0	0	
0	1.83129e-70	0	0	0	0	
0	0	1.83129e-70	0	0	0	
0	0	0	0.00727666	0.000873416	0.00522548	
0	0	0	0.000873416	0.00241327	0.00364918	
0	0	0	0.00522548	0.00364918	0.0493423	
***
>covarianceMatrix:
V
4.70592e-80	0	0	0	0	0	
0	4.70592e-80	0	0	0	0	
0	0	4.70592e-80	0	0	0	
0	0	0	0.0204316	-0.000609387	0.0014102	
0	0	0	-0.000609387	0.000796638	-6.88727e-06	
0	0	0	0.0014102	-6.88727e-06	0.0103602	
***
>covarianceMatrix:
Y
1.15928e-74	0	
0	0.0137975	
***
>covarianceMatrix:
Z
1.15928e-74	0	
0	0.166253	
***
