>groupList:
A C D E F G H I K L
N P Q R S T V Y Z 
>stdDevSynthesisRate:
1.238 
>numParam:
40
>numMixtures:
1
>std_stdDevSynthesisRate:
0.1
>std_phi:
***
0.1 0.1 0.1 0.1 0.1 0.1 0.1 0.1 0.1 0.1
0.1 0.1 0.1 0.1 0.1 0.1 0.1 0.1 0.1 0.1
0.1 0.1 0.1 0.1 0.1 0.1 0.1 0.1 0.1 0.1
0.1 0.1 0.1 0.1 0.1 0.1 0.1 0.1 0.1 0.1
0.1 0.1 0.1 0.1 0.1 0.1 0.1 0.1 0.1 0.1
0.1 0.1 0.1 0.1 0.1 0.1 0.1 0.1 0.1 0.1
0.1 0.1 0.1 0.1 0.1 0.1 0.1 0.1 0.1 0.1
0.1 0.1 0.1 0.1 0.1 0.1 0.1 0.1 0.1 0.1
0.1 0.1 0.1 0.1 0.1 0.1 0.1 0.1 0.1 0.1
0.1 0.1 0.1 0.1 0.1 0.1 0.1 0.1 0.1 0.1
0.1 0.1 0.1 0.1 0.1 0.1 0.1 0.1 0.1 0.1
0.1 0.1 0.1 0.1 0.1 0.1 0.1 0.1 0.1 0.1
0.1 0.1 0.1 0.1 0.1 0.1 0.1 0.1 0.1 0.1
0.1 0.1 0.1 0.1 0.1 0.1 0.1 0.1 0.1 0.1
0.1 0.1 0.1 0.1 0.1 0.1 0.1 0.1 0.1 0.1
0.1 0.1 0.1 0.1 0.1 0.1 0.1 0.1 0.1 0.1
0.1 0.1 0.1 0.1 0.1 0.1 0.1 0.1 0.1 0.1
0.1 0.1 0.1 0.1 0.1 0.1 0.1 0.1 0.1 0.1
0.1 0.1 0.1 0.1 0.1 0.1 0.1 0.1 0.1 0.1
0.1 0.1 0.1 0.1 0.1 0.1 0.1 0.1 0.1 0.1
0.1 0.1 0.1 0.1 0.1 0.1 0.1 0.1 0.1 0.1
0.1 0.1 0.1 0.1 0.1 0.1 0.1 0.1 0.1 0.1
0.1 0.1 0.1 0.1 0.1 0.1 0.1 0.1 0.1 0.1
0.1 0.1 0.1 0.1 0.1 0.1 0.1 0.1 0.1 0.1
0.1 0.1 0.1 0.1 0.1 0.1 0.1 0.1 0.1 0.1
0.1 0.1 0.1 0.1 
>categories:
0 0
>mixtureAssignment:
0 0 0 0 0 0 0 0 0 0 0 0 0 0 0 0 0 0 0 0 0 0 0 0 0 0 0 0 0 0 0 0 0 0 0 0 0 0 0 0 0 0 0 0 0 0 0 0 0 0
0 0 0 0 0 0 0 0 0 0 0 0 0 0 0 0 0 0 0 0 0 0 0 0 0 0 0 0 0 0 0 0 0 0 0 0 0 0 0 0 0 0 0 0 0 0 0 0 0 0
0 0 0 0 0 0 0 0 0 0 0 0 0 0 0 0 0 0 0 0 0 0 0 0 0 0 0 0 0 0 0 0 0 0 0 0 0 0 0 0 0 0 0 0 0 0 0 0 0 0
0 0 0 0 0 0 0 0 0 0 0 0 0 0 0 0 0 0 0 0 0 0 0 0 0 0 0 0 0 0 0 0 0 0 0 0 0 0 0 0 0 0 0 0 0 0 0 0 0 0
0 0 0 0 0 0 0 0 0 0 0 0 0 0 0 0 0 0 0 0 0 0 0 0 0 0 0 0 0 0 0 0 0 0 0 0 0 0 0 0 0 0 0 0 0 0 0 0 0 0
0 0 0 0 
>numMutationCategories:
1
>numSelectionCategories:
1
>categoryProbabilities:
1 
>selectionIsInMixture:
***
0 
>mutationIsInMixture:
***
0 
>obsPhiSets:
0
>currentSynthesisRateLevel:
***
0.0805135 0.341635 1.0114 6.15615 1.26439 1.28245 2.10567 1.69335 0.672078 8.18589
0.370679 2.76335 0.39264 11.4288 3.50483 0.365003 0.835319 1.3737 0.249247 2.49388
1.08733 0.334961 0.291145 1.0271 2.68203 0.906959 1.0889 0.842863 4.1835 0.431698
7.46856 4.23674 0.434831 1.77939 1.17453 1.31999 0.0949556 0.834349 0.342248 0.683706
0.670435 0.573425 9.90534 1.7294 2.31629 0.609938 0.130302 0.657128 0.82923 0.448078
10.8716 1.25285 1.05147 2.8494 0.256733 2.86137 0.207086 1.94776 0.828065 0.298307
2.20942 1.45742 0.422456 0.968473 0.178297 0.80248 0.294169 0.479653 1.88306 0.381561
1.24266 0.151314 1.41732 0.206077 2.76024 6.10848 0.183407 0.216671 0.805071 0.662577
0.885413 0.445575 0.261789 0.476443 1.09828 0.751198 1.09233 0.571007 0.378622 0.274645
1.34094 0.603671 15.7845 0.670055 0.923493 0.699497 1.90956 9.87322 1.00934 0.677008
0.711406 1.03785 0.116749 1.82103 0.275192 1.0079 0.433506 0.837823 0.384478 0.510831
0.166427 0.510021 8.07389 2.70924 0.850383 1.39086 1.7212 1.34644 0.615464 0.753446
0.735353 0.157646 0.412968 1.08595 0.308868 0.323945 0.136692 1.00427 1.35945 0.858758
14.6265 2.52825 0.970313 0.214367 0.619466 3.70938 4.14016 7.80405 1.43314 0.7496
0.219281 3.16598 1.24504 0.267433 0.56359 0.413245 2.89411 0.72307 0.43936 0.546666
0.506642 4.70221 0.210158 0.210515 3.38736 0.199078 9.61126 0.267644 0.652749 3.45777
0.426409 0.215552 1.01418 8.84163 1.83802 1.04381 0.315534 6.0196 2.62083 7.80863
0.206861 0.191846 6.80728 1.39554 0.875464 2.06774 8.11798 0.28204 2.10329 0.778072
1.55511 0.143891 1.04055 2.16857 0.283072 9.26464 3.57837 0.502904 1.5493 0.288678
7.76369 2.9656 0.281425 0.187865 2.39736 0.35707 2.21623 0.273706 0.258562 0.274494
0.909154 4.66688 0.158047 0.672909 1.60097 0.307184 0.257064 2.86504 2.80539 1.92194
0.293543 3.42497 9.9739 1.99016 0.67351 1.10637 0.190218 11.1411 0.645954 10.0236
1.72996 0.30695 0.248411 1.6564 1.37686 7.41634 0.267 1.11906 7.34643 0.828748
0.316504 2.43662 0.154159 1.26963 3.78043 0.361277 3.18109 1.9005 0.143359 8.5473
4.82965 1.48172 3.17283 0.338177 1.70683 0.434425 4.8204 11.1404 1.59624 2.02408
1.87883 0.235313 1.89961 0.552099 
>noiseOffset:
>observedSynthesisNoise:
>std_NoiseOffset:
>mutation_prior_mean:
***
0 0 0 0 0 0 0 0 0 0
0 0 0 0 0 0 0 0 0 0
0 0 0 0 0 0 0 0 0 0
0 0 0 0 0 0 0 0 0 0
>mutation_prior_sd:
***
0.35 0.35 0.35 0.35 0.35 0.35 0.35 0.35 0.35 0.35
0.35 0.35 0.35 0.35 0.35 0.35 0.35 0.35 0.35 0.35
0.35 0.35 0.35 0.35 0.35 0.35 0.35 0.35 0.35 0.35
0.35 0.35 0.35 0.35 0.35 0.35 0.35 0.35 0.35 0.35
>std_csp:
2.62951e+16 2.62951e+16 2.62951e+16 3.89603e+38 3.89603e+38 3.89603e+38 3.89603e+38 1.38482e+20 1.38482e+20 1.38482e+20
3.89603e+38 3.03448e+37 3.03448e+37 3.89603e+38 0.594406 0.594406 0.594406 0.594406 0.594406 3.89603e+38
1.13768e+09 1.13768e+09 1.13768e+09 3.89603e+38 0.0340395 0.0340395 0.0340395 0.0340395 0.0340395 1.35677e+17
1.35677e+17 1.35677e+17 9.42199e+16 9.42199e+16 9.42199e+16 2.68387e+19 2.68387e+19 2.68387e+19 3.89603e+38 3.89603e+38
>currentMutationParameter:
***
-0.207407 0.441056 0.645644 0.250758 0.722535 -0.661767 0.605098 0.0345033 0.408419 0.715699
0.738052 0.0243036 0.666805 -0.570756 0.450956 1.05956 0.549069 0.409834 -0.196043 0.614633
-0.0635834 0.497277 0.582122 -0.511362 -1.19632 -0.771466 -0.160406 0.476347 0.403494 -0.0784245
0.522261 0.646223 -0.176795 0.540641 0.501026 0.132361 0.717795 0.387088 0.504953 0.368376
>currentSelectionParameter:
***
0.498825 0.131188 0.932148 0.155166 -0.162172 -0.481665 -0.288473 0.620662 0.321964 0.635345
-0.243009 0.747947 -0.034303 0.249776 0.270494 0.786697 0.601232 0.359147 0.299032 -0.455888
-0.205262 0.315984 1.47534 -0.400129 -0.149173 0.420575 1.3953 0.347519 1.22787 0.504704
-0.171556 0.283792 0.410403 -0.0914618 0.629195 0.47944 -0.0620111 0.296606 -0.263089 -0.0621179
>covarianceMatrix:
A
1.19761e-74	0	0	0	0	0	
0	1.19761e-74	0	0	0	0	
0	0	1.19761e-74	0	0	0	
0	0	0	0.0124177	0.000535804	0.00571473	
0	0	0	0.000535804	0.00245265	0.00157721	
0	0	0	0.00571473	0.00157721	0.0636703	
***
>covarianceMatrix:
C
1.15928e-74	0	
0	0.0102344	
***
>covarianceMatrix:
D
1.15928e-74	0	
0	0.00362874	
***
>covarianceMatrix:
E
1.15928e-74	0	
0	0.0112461	
***
>covarianceMatrix:
F
1.15928e-74	0	
0	0.00401967	
***
>covarianceMatrix:
G
1.40518e-79	0	0	0	0	0	
0	1.40518e-79	0	0	0	0	
0	0	1.40518e-79	0	0	0	
0	0	0	0.025911	0.00100344	0.00156923	
0	0	0	0.00100344	0.00912065	0.005132	
0	0	0	0.00156923	0.005132	0.0244724	
***
>covarianceMatrix:
H
1.15928e-74	0	
0	0.00537876	
***
>covarianceMatrix:
I
1.50487e-75	0	0	0	
0	1.50487e-75	0	0	
0	0	0.0174547	0.000242209	
0	0	0.000242209	0.00115322	
***
>covarianceMatrix:
K
1.15928e-74	0	
0	0.00241749	
***
>covarianceMatrix:
L
5.91592e-29	0	0	0	0	0	0	0	0	0	
0	5.91592e-29	0	0	0	0	0	0	0	0	
0	0	5.91592e-29	0	0	0	0	0	0	0	
0	0	0	5.91592e-29	0	0	0	0	0	0	
0	0	0	0	5.91592e-29	0	0	0	0	0	
0	0	0	0	0	0.00380175	-0.000245666	0.00224805	0.000414113	0.000555904	
0	0	0	0	0	-0.000245666	0.0744722	0.00881078	0.00224245	0.000321491	
0	0	0	0	0	0.00224805	0.00881078	0.0196785	-0.00152613	-0.000284711	
0	0	0	0	0	0.000414113	0.00224245	-0.00152613	0.00653138	0.00125136	
0	0	0	0	0	0.000555904	0.000321491	-0.000284711	0.00125136	0.00163655	
***
>covarianceMatrix:
N
1.15928e-74	0	
0	0.00612025	
***
>covarianceMatrix:
P
1.32185e-59	0	0	0	0	0	
0	1.32185e-59	0	0	0	0	
0	0	1.32185e-59	0	0	0	
0	0	0	0.00779752	0.0077813	0.0162767	
0	0	0	0.0077813	0.0294044	0.0307834	
0	0	0	0.0162767	0.0307834	0.192824	
***
>covarianceMatrix:
Q
1.15928e-74	0	
0	0.0270042	
***
>covarianceMatrix:
R
3.49434e-38	0	0	0	0	0	0	0	0	0	
0	3.49434e-38	0	0	0	0	0	0	0	0	
0	0	3.49434e-38	0	0	0	0	0	0	0	
0	0	0	3.49434e-38	0	0	0	0	0	0	
0	0	0	0	3.49434e-38	0	0	0	0	0	
0	0	0	0	0	0.00341942	0.00203449	0.00156246	0.00205498	0.00110352	
0	0	0	0	0	0.00203449	0.0141191	0.00686112	0.000418751	-0.0147281	
0	0	0	0	0	0.00156246	0.00686112	0.194995	-0.003793	-0.0211862	
0	0	0	0	0	0.00205498	0.000418751	-0.003793	0.0302981	0.00165852	
0	0	0	0	0	0.00110352	-0.0147281	-0.0211862	0.00165852	0.198738	
***
>covarianceMatrix:
S
6.17939e-74	0	0	0	0	0	
0	6.17939e-74	0	0	0	0	
0	0	6.17939e-74	0	0	0	
0	0	0	0.0147112	0.0004827	0.00253728	
0	0	0	0.0004827	0.00151744	0.000418303	
0	0	0	0.00253728	0.000418303	0.0192397	
***
>covarianceMatrix:
T
2.59475e-76	0	0	0	0	0	
0	2.59475e-76	0	0	0	0	
0	0	2.59475e-76	0	0	0	
0	0	0	0.00789347	0.00039437	0.0040474	
0	0	0	0.00039437	0.00119568	0.00113308	
0	0	0	0.0040474	0.00113308	0.0257593	
***
>covarianceMatrix:
V
5.79204e-77	0	0	0	0	0	
0	5.79204e-77	0	0	0	0	
0	0	5.79204e-77	0	0	0	
0	0	0	0.0129205	0.000382207	0.000769431	
0	0	0	0.000382207	0.000555915	0.000452921	
0	0	0	0.000769431	0.000452921	0.00447893	
***
>covarianceMatrix:
Y
1.15928e-74	0	
0	0.00574052	
***
>covarianceMatrix:
Z
1.15928e-74	0	
0	0.0724757	
***
