>groupList:
A C D E F G H I K L
N P Q R S T V Y Z 
>stdDevSynthesisRate:
1.238 
>numParam:
40
>numMixtures:
1
>std_stdDevSynthesisRate:
0.1
>std_phi:
***
0.1 0.1 0.1 0.1 0.1 0.1 0.1 0.1 0.1 0.1
0.1 0.1 0.1 0.1 0.1 0.1 0.1 0.1 0.1 0.1
0.1 0.1 0.1 0.1 0.1 0.1 0.1 0.1 0.1 0.1
0.1 0.1 0.1 0.1 0.1 0.1 0.1 0.1 0.1 0.1
0.1 0.1 0.1 0.1 0.1 0.1 0.1 0.1 0.1 0.1
0.1 0.1 0.1 0.1 0.1 0.1 0.1 0.1 0.1 0.1
0.1 0.1 0.1 0.1 0.1 0.1 0.1 0.1 0.1 0.1
0.1 0.1 0.1 0.1 0.1 0.1 0.1 0.1 0.1 0.1
0.1 0.1 0.1 0.1 0.1 0.1 0.1 0.1 0.1 0.1
0.1 0.1 0.1 0.1 0.1 0.1 0.1 0.1 0.1 0.1
0.1 0.1 0.1 0.1 0.1 0.1 0.1 0.1 0.1 0.1
0.1 0.1 0.1 0.1 0.1 0.1 0.1 0.1 0.1 0.1
0.1 0.1 0.1 0.1 0.1 0.1 0.1 0.1 0.1 0.1
0.1 0.1 0.1 0.1 0.1 0.1 0.1 0.1 0.1 0.1
0.1 0.1 0.1 0.1 0.1 0.1 0.1 0.1 0.1 0.1
0.1 0.1 0.1 0.1 0.1 0.1 0.1 0.1 0.1 0.1
0.1 0.1 0.1 0.1 0.1 0.1 0.1 0.1 0.1 0.1
0.1 0.1 0.1 0.1 0.1 0.1 0.1 0.1 0.1 0.1
0.1 0.1 0.1 0.1 0.1 0.1 0.1 0.1 0.1 0.1
0.1 0.1 0.1 0.1 0.1 0.1 0.1 0.1 0.1 0.1
0.1 0.1 0.1 0.1 0.1 0.1 0.1 0.1 0.1 0.1
0.1 0.1 0.1 0.1 0.1 0.1 0.1 0.1 0.1 0.1
0.1 0.1 0.1 0.1 0.1 0.1 0.1 0.1 0.1 0.1
0.1 0.1 0.1 0.1 0.1 0.1 0.1 0.1 0.1 0.1
0.1 0.1 0.1 0.1 0.1 0.1 0.1 0.1 0.1 0.1
0.1 0.1 0.1 0.1 
>categories:
0 0
>mixtureAssignment:
0 0 0 0 0 0 0 0 0 0 0 0 0 0 0 0 0 0 0 0 0 0 0 0 0 0 0 0 0 0 0 0 0 0 0 0 0 0 0 0 0 0 0 0 0 0 0 0 0 0
0 0 0 0 0 0 0 0 0 0 0 0 0 0 0 0 0 0 0 0 0 0 0 0 0 0 0 0 0 0 0 0 0 0 0 0 0 0 0 0 0 0 0 0 0 0 0 0 0 0
0 0 0 0 0 0 0 0 0 0 0 0 0 0 0 0 0 0 0 0 0 0 0 0 0 0 0 0 0 0 0 0 0 0 0 0 0 0 0 0 0 0 0 0 0 0 0 0 0 0
0 0 0 0 0 0 0 0 0 0 0 0 0 0 0 0 0 0 0 0 0 0 0 0 0 0 0 0 0 0 0 0 0 0 0 0 0 0 0 0 0 0 0 0 0 0 0 0 0 0
0 0 0 0 0 0 0 0 0 0 0 0 0 0 0 0 0 0 0 0 0 0 0 0 0 0 0 0 0 0 0 0 0 0 0 0 0 0 0 0 0 0 0 0 0 0 0 0 0 0
0 0 0 0 
>numMutationCategories:
1
>numSelectionCategories:
1
>categoryProbabilities:
1 
>selectionIsInMixture:
***
0 
>mutationIsInMixture:
***
0 
>obsPhiSets:
0
>currentSynthesisRateLevel:
***
0.662577 0.970313 0.828748 15.7845 0.207086 1.89961 1.55511 0.210158 0.315534 1.35945
1.31999 0.267 0.274494 1.0079 0.275192 1.01418 1.26963 0.210515 1.83802 0.378622
0.413245 1.10637 9.61126 4.23674 0.672078 1.04055 7.41634 0.342248 8.18589 3.78043
0.434831 0.136692 1.00934 0.506642 2.76335 0.199078 0.552099 1.6564 0.657128 1.70683
11.1411 2.86137 0.235313 0.257064 6.80728 1.0114 0.476443 0.258562 0.619466 0.834349
0.412968 0.214367 0.274645 0.361277 9.9739 0.80248 0.906959 2.68203 1.3737 1.69335
4.70221 0.677008 2.52825 0.219281 2.06774 0.206861 1.28245 0.323945 0.652749 0.370679
0.283072 0.842863 1.45742 0.82923 7.76369 2.10567 0.261789 0.43936 3.16598 1.48172
2.43662 0.143359 0.384478 1.09233 2.70924 0.510021 8.07389 8.11798 0.431698 2.49388
1.92194 0.683706 11.4288 0.778072 0.341635 1.43314 0.143891 0.267644 0.7496 0.191846
1.7294 14.6265 1.0271 4.14016 0.850383 0.187865 0.448078 1.41732 9.90534 0.116749
1.00427 4.66688 1.24266 0.828065 0.510831 0.178297 0.711406 0.835319 0.183407 1.34644
2.80539 0.308868 1.59624 2.20942 0.338177 0.837823 1.7212 1.05147 2.86504 0.645954
10.0236 0.885413 0.426409 3.57837 0.603671 9.26464 0.381561 0.307184 1.77939 0.256733
1.26439 9.87322 1.82103 0.154159 0.215552 2.21623 1.72996 6.15615 7.46856 2.9656
0.35707 0.67351 0.28204 0.291145 0.288678 0.615464 0.735353 1.94776 0.206077 0.875464
3.50483 2.62083 1.5493 1.03785 0.151314 8.84163 1.60097 1.39086 0.0805135 1.87883
4.82965 0.157646 0.573425 0.670055 0.672909 0.30695 1.88306 1.11906 0.968473 10.8716
2.8494 1.39554 0.316504 2.10329 0.293543 0.248411 0.365003 0.72307 0.0949556 0.670435
0.267433 0.158047 0.753446 2.39736 7.80863 0.571007 0.609938 6.10848 0.39264 0.166427
1.34094 3.42497 1.08595 0.56359 0.334961 0.422456 0.909154 0.249247 0.751198 1.37686
3.70938 7.34643 1.09828 0.479653 3.17283 3.38736 4.8204 1.04381 0.433506 2.16857
2.89411 0.298307 1.25285 8.5473 0.445575 1.0889 1.08733 2.31629 0.273706 1.9005
0.502904 1.90956 0.216671 0.858758 1.24504 3.45777 2.02408 1.17453 6.0196 0.923493
0.281425 0.699497 0.190218 0.805071 0.294169 4.1835 3.18109 11.1404 0.434425 2.76024
1.99016 7.80405 0.546666 0.130302 
>noiseOffset:
>observedSynthesisNoise:
>std_NoiseOffset:
>mutation_prior_mean:
***
0 0 0 0 0 0 0 0 0 0
0 0 0 0 0 0 0 0 0 0
0 0 0 0 0 0 0 0 0 0
0 0 0 0 0 0 0 0 0 0
>mutation_prior_sd:
***
0.35 0.35 0.35 0.35 0.35 0.35 0.35 0.35 0.35 0.35
0.35 0.35 0.35 0.35 0.35 0.35 0.35 0.35 0.35 0.35
0.35 0.35 0.35 0.35 0.35 0.35 0.35 0.35 0.35 0.35
0.35 0.35 0.35 0.35 0.35 0.35 0.35 0.35 0.35 0.35
>std_csp:
3.15541e+16 3.15541e+16 3.15541e+16 3.89603e+38 3.89603e+38 3.89603e+38 3.89603e+38 2.09038e+18 2.09038e+18 2.09038e+18
3.89603e+38 3.03448e+37 3.03448e+37 3.89603e+38 0.821707 0.821707 0.821707 0.821707 0.821707 3.89603e+38
7.53682e+10 7.53682e+10 7.53682e+10 3.89603e+38 0.0601158 0.0601158 0.0601158 0.0601158 0.0601158 3.78649e+16
3.78649e+16 3.78649e+16 8.23059e+14 8.23059e+14 8.23059e+14 4.13504e+20 4.13504e+20 4.13504e+20 3.89603e+38 3.89603e+38
>currentMutationParameter:
***
-0.207407 0.441056 0.645644 0.250758 0.722535 -0.661767 0.605098 0.0345033 0.408419 0.715699
0.738052 0.0243036 0.666805 -0.570756 0.450956 1.05956 0.549069 0.409834 -0.196043 0.614633
-0.0635834 0.497277 0.582122 -0.511362 -1.19632 -0.771466 -0.160406 0.476347 0.403494 -0.0784245
0.522261 0.646223 -0.176795 0.540641 0.501026 0.132361 0.717795 0.387088 0.504953 0.368376
>currentSelectionParameter:
***
0.479638 -0.0303785 0.619447 0.0833992 -0.101271 -0.554972 -0.448682 0.958944 0.634634 1.2378
-0.180487 0.856934 -0.0337411 0.126253 0.205344 1.94597 0.809793 0.664721 0.322157 -0.205228
-0.350465 0.232695 0.0582271 -0.568116 -0.26242 0.38495 1.14115 0.242937 1.7145 0.523202
-0.114057 0.49699 0.427027 -0.0842497 0.568066 0.620642 -0.0179762 0.215803 -0.324382 0.0874769
>covarianceMatrix:
A
6.60206e-72	0	0	0	0	0	
0	6.60206e-72	0	0	0	0	
0	0	6.60206e-72	0	0	0	
0	0	0	0.044442	0.00194108	0.0226416	
0	0	0	0.00194108	0.00698506	0.00522975	
0	0	0	0.0226416	0.00522975	0.141797	
***
>covarianceMatrix:
C
1.15928e-74	0	
0	0.0128244	
***
>covarianceMatrix:
D
1.15928e-74	0	
0	0.00537669	
***
>covarianceMatrix:
E
1.15928e-74	0	
0	0.0206463	
***
>covarianceMatrix:
F
1.15928e-74	0	
0	0.0170376	
***
>covarianceMatrix:
G
1.61152e-76	0	0	0	0	0	
0	1.61152e-76	0	0	0	0	
0	0	1.61152e-76	0	0	0	
0	0	0	0.144043	0.00389194	-0.0138742	
0	0	0	0.00389194	0.0346813	0.00435422	
0	0	0	-0.0138742	0.00435422	0.136016	
***
>covarianceMatrix:
H
1.15928e-74	0	
0	0.011058	
***
>covarianceMatrix:
I
9.02923e-76	0	0	0	
0	9.02923e-76	0	0	
0	0	0.0462442	0.00109918	
0	0	0.00109918	0.00240406	
***
>covarianceMatrix:
K
1.15928e-74	0	
0	0.00453002	
***
>covarianceMatrix:
L
2.28936e-30	0	0	0	0	0	0	0	0	0	
0	2.28936e-30	0	0	0	0	0	0	0	0	
0	0	2.28936e-30	0	0	0	0	0	0	0	
0	0	0	2.28936e-30	0	0	0	0	0	0	
0	0	0	0	2.28936e-30	0	0	0	0	0	
0	0	0	0	0	0.00567783	0.000480004	-0.000396383	0.00176852	0.0014879	
0	0	0	0	0	0.000480004	0.172149	0.00201233	-0.00461576	-0.00382898	
0	0	0	0	0	-0.000396383	0.00201233	0.0202283	-0.00140243	0.000230807	
0	0	0	0	0	0.00176852	-0.00461576	-0.00140243	0.0226179	0.00126495	
0	0	0	0	0	0.0014879	-0.00382898	0.000230807	0.00126495	0.002872	
***
>covarianceMatrix:
N
1.15928e-74	0	
0	0.0153353	
***
>covarianceMatrix:
P
1.1526e-62	0	0	0	0	0	
0	1.1526e-62	0	0	0	0	
0	0	1.1526e-62	0	0	0	
0	0	0	0.0132445	0.00969198	0.0129494	
0	0	0	0.00969198	0.112838	0.00688912	
0	0	0	0.0129494	0.00688912	0.126493	
***
>covarianceMatrix:
Q
1.15928e-74	0	
0	0.0386648	
***
>covarianceMatrix:
R
4.76176e-37	0	0	0	0	0	0	0	0	0	
0	4.76176e-37	0	0	0	0	0	0	0	0	
0	0	4.76176e-37	0	0	0	0	0	0	0	
0	0	0	4.76176e-37	0	0	0	0	0	0	
0	0	0	0	4.76176e-37	0	0	0	0	0	
0	0	0	0	0	0.0078108	0.00641356	0.0113412	0.00837326	-0.00422445	
0	0	0	0	0	0.00641356	0.0249692	0.0168734	0.00537918	-0.0119512	
0	0	0	0	0	0.0113412	0.0168734	0.253508	-0.00783363	-0.0569709	
0	0	0	0	0	0.00837326	0.00537918	-0.00783363	0.0331433	0.00140522	
0	0	0	0	0	-0.00422445	-0.0119512	-0.0569709	0.00140522	0.410514	
***
>covarianceMatrix:
S
6.11303e-71	0	0	0	0	0	
0	6.11303e-71	0	0	0	0	
0	0	6.11303e-71	0	0	0	
0	0	0	0.0640339	0.00427427	0.0156125	
0	0	0	0.00427427	0.0048125	0.00295834	
0	0	0	0.0156125	0.00295834	0.0855124	
***
>covarianceMatrix:
T
1.69564e-69	0	0	0	0	0	
0	1.69564e-69	0	0	0	0	
0	0	1.69564e-69	0	0	0	
0	0	0	0.0110881	0.000866953	0.00452381	
0	0	0	0.000866953	0.00169449	0.000915954	
0	0	0	0.00452381	0.000915954	0.0484647	
***
>covarianceMatrix:
V
8.99312e-78	0	0	0	0	0	
0	8.99312e-78	0	0	0	0	
0	0	8.99312e-78	0	0	0	
0	0	0	0.0245523	-0.000266257	0.00389248	
0	0	0	-0.000266257	0.00100872	0.000166384	
0	0	0	0.00389248	0.000166384	0.00796438	
***
>covarianceMatrix:
Y
1.15928e-74	0	
0	0.0110952	
***
>covarianceMatrix:
Z
1.15928e-74	0	
0	0.136214	
***
